29.571436
30.743603
30.450562
29.571436
29.278393
28.985352
31.036646
28.692310
30.450562
30.157520
30.743603
30.743603
30.157520
31.036646
30.157520
29.864477
31.622730
29.278393
29.8644 
30.450562
31.036646
31.329687
30.157520
30.157520
30.743603
29.571436
30.450562
30.157520
31.329687
30.743603
29.278393
30.157520
30.450562
30.157520
28.985352
29.278393
31.329687
30.157520
30.743603
31.036646
30.743603
30.157520
30.450562
29.571436
30.743603
30.743603
31.036646
29.571436
30.450562
31.036646
30.157520
30.743603
31.036646
30.157520
31.329687
29.864477
30.157520
29.571436
30.157520
29.864477
30.157520
31.036646
29.571436
30.450562
30.450562
30.743603
29.864477
29.864477
31.036646
29.571436
31.329687
31.036646
30.157520
30.157520
31.036646
31.036646
31.329687
30.450562
30.743603
28.399267
30.743603
30.450562
30.157520
30.450562
30.450562
30.450562
30.450562
29.278393
30.743603
30.743603
31.036646
31.036646
30.450562
29.571436
30.743603
31.036646
31.036646
32.208790
31.036646
31.3296 
30.450562
30.743603
30.450562
31.329687
31.036646
30.743603
31.329687
31.036646
31.329687
30.157520
31.329687
29.278393
31.036646
30.157520
31.036646
31.622730
31.036646
31.036646
30.450562
30.743603
29.864477
30.157520
31.329687
30.157520
31.036646
31.329687
29.864477
31.329687
30.157520
31.622730
30.743603
31.915747
31.622730
30.450562
30.743603
29.278393
31.329687
30.743603
30.450562
31.329687
31.036646
31.329687
31.329687
29.278393
30.450562
31.622730
31.329687
30.157520
31.036646
31.915747
31.036646
30.450562
30.743603
30.157520
30.157520
31.036646
31.622730
30.743603
31.622730
30.450562
31.329687
31.915747
31.036646
31.036646
31.036646
31.036646
31.622730
30.450562
30.157520
30.743603
31.915747
30.450562
31.915747
31.329687
31.036646
30.743603
30.157520
30.450562
31.622730
31.622730
30.743603
30.157520
30.157520
30.450562
30.157520
31.329687
31.622730
30.743603
31.036646
31.915747
31.329687
30.450562
31.622730
31.622730
30.743603
31.622730
31.622730
29.571436
30.743603
31.329687
31.329687
31.622730
31.915747
31.622730
30.450562
31.915747
30.743603
31.036646
31.622730
31.915747
31.622730
30.743603
31.622730
31.622730
31.915747
30.743603
31.329687
31.329687
31.622730
31.036646
30.743603
30.743603
31.036646
31.915747
31.622730
30.743603
31.329687
32.208790
30.743603
30.743603
31.622730
31.622730
31.036646
30.743603
30.743603
29.864477
31.329687
31.622730
31.622730
31.622730
31.915747
31.622730
30.743603
32.208790
31.622730
31.622730
31.915747
31.329687
30.743603
31.915747
31.622730
31.329687
33.087914
30.743603
31.329687
31.915747
30.157520
31.329687
31.036646
30.157520
31.329687
31.036646
31.915747
31.915747
32.208790
31.622730
31.622730
31.036646
30.157520
31.622730
31.329687
31.915747
31.915747
31.622730
32.501831
30.157520
31.622730
32.208790
31.622730
31.329687
31.915747
30.450562
30.743603
30.450562
31.915747
31.036646
31.329687
31.622730
31.622730
32.208790
31.622730
31.915747
32.501831
31.622730
30.743603
31.622730
31.915747
31.036646
32.501831
31.622730
31.329687
31.915747
32.208790
31.622730
31.622730
30.157520
32.208790
31.915747
29.864477
30.157520
32.208790
32.208790
31.622730
31.329687
31.622730
32.208790
30.743603
31.915747
32.208790
33.087914
31.915747
32.208790
30.743603
31.622730
31.036646

