#pos 0
94.611000,1034.926025,136.029999
95.343002,1036.084961,137.798996
97.417000,1036.024048,149.755005
111.508003,1033.401001,142.617996
100.710999,1038.098022,142.923004
98.149002,1034.926025,147.192993
102.358002,1035.047974,137.554993
95.160004,1037.061035,133.895004
94.671997,1035.780029,134.688004
92.537003,1029.740967,130.052002
105.529999,1031.204956,145.179993
97.112000,1040.781982,150.852997
99.307999,1035.474976,124.745003
107.420998,1031.387939,151.035995
92.232002,1041.391968,127.246002
100.650002,1036.145996,136.151993
88.206001,1035.718994,154.695999
114.557999,1032.912964,148.291000
116.205002,1023.580017,133.406998
91.927002,1033.522949,143.593994
105.224998,1031.021973,145.606995
115.473000,1033.218018,152.561005
96.624001,1033.645020,135.237000
97.539001,1037.000000,132.552994
91.195000,1030.473022,143.044998
106.872002,1027.788940,150.792007
107.725998,1027.422974,137.067001
83.387001,1039.744995,142.557007
104.554001,1037.121948,151.401993
119.376999,1027.239990,143.654999
96.989998,1037.121948,133.468002
97.844002,1026.812988,132.796997
109.556000,1032.058960,161.649994
115.900002,1022.543030,122.000000
107.115997,1017.479980,139.080002
92.537003,1040.050049,163.906998
100.162003,1040.110962,140.848999
119.499001,1028.886963,144.447998
95.769997,1039.012939,153.231995
107.115997,1034.255005,148.839996
106.932999,1040.293945,144.996994
111.629997,1028.276978,139.690002
116.753998,1024.921997,137.311005
92.903000,1038.525024,132.126007
99.612999,1030.473022,121.939003
93.147003,1034.072021,131.089005
105.286003,1035.109009,150.487000
112.056999,1030.107056,150.304001
115.473000,1040.720947,147.742004
112.117996,1032.241943,141.641998
109.190002,1034.987061,148.352005
106.872002,1031.510010,135.847000
104.066002,1031.754028,132.369995
91.377998,1032.973999,143.289001
113.642998,1032.546997,132.126007
103.211998,1033.218018,117.546997
100.588997,1018.578003,138.957993
99.490997,1039.623047,160.369003
110.471001,1028.520996,120.414001
107.542999,1018.578003,135.542007
93.390999,1025.470947,141.947006
110.776001,1031.631958,140.910004
102.175003,1035.657959,110.776001
108.580002,1035.901978,127.306999
108.030998,1044.442017,153.841995
87.108002,1044.746948,139.384995
136.212997,1025.958984,137.067001
103.944000,1024.312012,122.487999
92.170998,1035.840942,138.957993
107.115997,1033.156982,132.675003
90.462997,1029.923950,125.171997
103.211998,1037.975952,145.973007
105.896004,1037.609985,123.463997
108.885002,1031.692993,143.837997
111.874001,1038.402954,131.699005
105.896004,1031.754028,132.552994
104.554001,1030.961060,128.953995
95.343002,1026.995972,120.597000
114.130997,1024.677979,141.214996
99.552002,1040.233032,120.047997
91.560997,1034.560059,138.714005
114.924004,1030.107056,119.742996
103.211998,1016.138000,118.218002
87.535004,1025.287964,141.154007
103.028999,1025.043945,140.848999
112.179001,1022.177002,149.632996
99.064003,1033.645020,129.869003
96.501999,1037.548950,160.856995
102.541000,1037.121948,146.643997
123.463997,1039.989014,132.919006
81.008003,1038.342041,122.182999
91.317001,1037.365967,152.682999
104.431999,1025.348999,122.244003
100.345001,1025.531982,133.345993
88.816002,1032.668945,138.348007
105.286003,1037.121948,139.873001
103.089996,1038.159058,128.893005
89.731003,1033.035034,148.595993
90.524002,1034.803955,130.052002
114.375000,1032.668945,130.906006
93.635002,1028.338013,131.393997
98.697998,1033.095947,147.315002
95.098999,1041.635986,130.479004
98.027000,1035.718994,141.031998
90.524002,1033.401001,136.761993
99.612999,1042.551025,156.037994
108.518997,1030.411987,127.917000
118.339996,1024.800049,145.302002
91.987999,1034.072021,133.712006
98.942001,1034.987061,125.293999
99.247002,1034.376953,133.955994
101.565002,1039.135010,130.235001
83.387001,1039.866943,126.086998
98.697998,1032.546997,144.936005
116.327003,1027.239990,157.501999
114.619003,1030.717041,144.509003
102.601997,1031.265991,134.809998
102.663002,1031.510010,142.373993
97.844002,1032.608032,130.539993
103.334000,1034.499023,138.164993
91.195000,1032.608032,137.677002
106.567001,1028.338013,124.928001
111.081001,1030.594971,135.298004
94.488998,1025.348999,142.069000
105.224998,1031.510010,138.408997
99.612999,1034.072021,138.957993
114.557999,1032.485962,143.350006
110.898003,1028.582031,119.011002
85.705002,1028.032959,139.567993
125.781998,1026.995972,132.492004
117.791000,1029.619019,124.866997
93.208000,1039.196045,144.082001
113.582001,1036.207031,136.701004
85.217003,1035.047974,137.494003
103.456001,1033.156982,135.602997
111.934998,1029.375000,130.539993
94.306000,1032.852051,137.860001
112.362000,1033.766968,154.207993
110.043999,1031.204956,135.968994
110.593002,1034.499023,129.807999
93.573997,1033.339966,132.065002
109.007004,1027.057007,142.313004
102.541000,1028.459961,130.662003
98.880997,1026.141968,124.623001
99.369003,1030.961060,131.759995
92.963997,1039.379028,156.647995
119.438004,1033.645020,127.917000
103.394997,1030.107056,127.489998
83.387001,1037.427002,133.712006
114.375000,1042.855957,143.350006
112.849998,1034.620972,130.539993
119.438004,1016.442993,133.772995
89.974998,1026.568970,135.358994
102.053001,1032.729980,146.705002
119.438004,1030.534058,140.604996
103.578003,1034.376953,117.363998
101.077003,1035.353027,143.960007
104.554001,1034.072021,146.949005
112.239998,1034.255005,133.041000
106.017998,1028.459961,132.858002
101.870003,1040.720947,148.291000
103.578003,1035.780029,131.942993
101.808998,1037.365967,143.716003
94.428001,1043.343994,142.740005
122.427002,1033.279053,130.479004
112.422997,1029.557983,115.473000
86.558998,1025.776001,128.649002
109.311996,1024.860962,137.494003
106.750000,1034.316040,136.029999
109.495003,1034.376953,141.031998
113.154999,1033.583984,142.313004
108.030998,1037.000000,130.356995
101.260002,1033.828003,151.585007
103.578003,1041.574951,155.733002
125.781998,1032.119995,132.065002
109.738998,1031.998047,126.148003
83.387001,1030.167969,131.882004
122.670998,1032.241943,153.048996
116.570999,1027.788940,125.171997
94.123001,1036.511963,136.639999
105.774002,1032.058960,134.626999
104.614998,1026.385986,142.434998
114.862999,1027.301025,142.190994
105.407997,1031.204956,135.237000
101.198997,1029.619019,146.033997
117.913002,1023.091980,143.350006
107.848000,1030.046021,142.557007
106.750000,1038.402954,142.007996
110.714996,1034.864990,130.845001
113.399002,1033.035034,130.113007
97.722000,1030.534058,141.947006
114.924004,1027.057007,131.332993
94.793999,1033.828003,135.664001
116.693001,1034.193970,135.908005
101.931000,1029.375000,124.378998
105.407997,1034.743042,148.718002
109.738998,1033.766968,139.994995
126.086998,1026.508057,137.432999
101.870003,1033.889038,124.195999
94.611000,1037.854004,134.565994
105.469002,1041.208984,148.962006
116.632004,1039.439941,127.551003
102.175003,1038.219971,129.197998
103.699997,1024.616943,148.962006
127.794998,1026.203003,136.091003
100.467003,1027.545044,120.657997
106.139999,1024.129028,139.934006
114.070000,1033.279053,151.035995
103.028999,1036.817017,131.393997
120.841003,1035.536011,138.835999
99.857002,1039.317993,138.470001
110.593002,1038.463989,135.847000
109.495003,1026.812988,124.257004
111.996002,1022.726013,149.998993
97.294998,1026.324951,117.973999
109.128998,1023.885010,147.192993
100.955002,1038.890991,153.110001
114.680000,1034.010986,118.949997
109.250999,1027.849976,142.373993
111.081001,1039.744995,149.694000
116.022003,1034.803955,131.272003
110.166000,1030.838989,135.602997
112.301003,1025.410034,142.496002
112.362000,1026.751953,132.248001
111.874001,1028.399048,137.432999
121.146004,1025.837036,130.906006
110.226997,1032.852051,140.360992
112.422997,1031.510010,143.227997
114.680000,1027.239990,131.882004
108.885002,1030.107056,142.373993
111.934998,1030.594971,130.479004
108.945999,1030.656006,134.565994
106.384003,1033.828003,133.772995
108.458000,1035.353027,136.091003
101.015999,1037.000000,131.576996
107.603996,1034.803955,144.936005
113.642998,1029.863037,142.617996
118.461998,1033.706055,139.141006
108.397003,1030.838989,138.531006
113.764999,1024.921997,142.434998
109.311996,1036.024048,149.449997
104.371002,1032.973999,144.936005
129.503006,1028.765015,121.634003
94.793999,1029.375000,103.334000
78.811996,1031.754028,133.041000
119.681999,1037.182983,159.514999
135.358994,1022.908997,110.531998
86.070999,1024.860962,124.135002
121.939003,1027.849976,160.307999
123.647003,1028.947998,121.146004
102.906998,1028.582031,121.389999
101.260002,1031.448975,137.554993
105.164001,1041.758057,134.016998
112.179001,1032.058960,129.807999
108.030998,1034.255005,142.434998
109.068001,1038.402954,134.565994
99.064003,1039.012939,131.028000
103.151001,1039.500977,127.184998
93.695999,1041.514038,127.124001
116.327003,1030.046021,123.463997
109.800003,1027.911011,124.683998
96.379997,1033.766968,131.759995
110.653999,1027.605957,127.672997
105.286003,1036.084961,139.507004
111.934998,1030.656006,132.126007
116.815002,1030.167969,117.058998
92.049004,1033.156982,124.257004
99.247002,1035.291992,140.544006
121.084999,1035.170044,137.067001
116.083000,1026.995972,117.425003
104.554001,1029.802002,133.712006
100.467003,1034.743042,125.721001
116.510002,1034.010986,137.738007
111.996002,1035.536011,132.248001
108.458000,1032.668945,115.290001
98.880997,1036.084961,149.572006
105.896004,1032.119995,125.171997
121.146004,1019.859009,135.785995
98.697998,1028.520996,134.261002
109.556000,1039.256958,149.572006
107.665001,1034.620972,118.096001
116.632004,1032.425049,135.419998
98.392998,1037.182983,126.331001
105.469002,1035.109009,131.576996
109.007004,1025.776001,129.746994
116.510002,1028.886963,126.758003
93.573997,1025.776001,111.691002
108.458000,1035.353027,150.304001
101.382004,1039.073975,137.432999
127.124001,1029.802002,125.598999
109.678001,1032.364014,123.342003
89.059998,1039.500977,135.847000
110.410004,1028.703979,124.378998
101.138000,1033.889038,133.712006
111.629997,1032.912964,133.468002
114.252998,1030.411987,133.712006
110.105003,1031.937012,119.376999
93.025002,1033.949951,131.455002
108.885002,1031.327026,141.886002
118.523003,1028.032959,131.516006
103.334000,1029.984985,129.686005
109.190002,1029.313965,142.130005
103.273003,1038.281006,139.201996
117.181000,1033.949951,132.309006
109.007004,1040.354980,141.947006
99.490997,1039.135010,128.770996
108.397003,1033.522949,127.551003
106.262001,1030.838989,131.820999
108.945999,1028.826050,121.817001
95.709000,1020.286011,130.296005
109.921997,1031.937012,147.681000
112.484001,1038.219971,137.188995
115.533997,1028.582031,134.932007
107.237999,1032.973999,122.549004
100.345001,1039.744995,138.653000
110.471001,1034.193970,158.112000
128.039001,1027.239990,123.525002
109.678001,1027.849976,121.755997
95.160004,1037.121948,133.102005
108.823997,1040.416016,139.873001
120.231003,1028.399048,118.584000
#pos1
-1025.227051,-0.793000,15.006000
-1034.316040,-10.187000,6.649000
-1032.912964,-5.795000,17.445999
-1025.166016,-3.660000,-3.782000
-1033.583984,-7.808000,-3.172000
-1026.264038,-4.270000,6.222000
-1015.101013,2.867000,-8.662000
-1027.301025,-5.246000,5.429000
-1030.046021,-5.795000,2.196000
-1025.348999,-4.026000,1.220000
-1016.077026,2.257000,-8.479000
-1029.069946,-4.941000,4.026000
-1023.153015,-3.355000,2.867000
-1015.223022,3.355000,-2.013000
-1027.362061,-4.575000,9.638000
-1025.593018,-2.806000,-6.954000
-1012.966003,3.660000,-0.366000
-1019.127014,2.440000,-12.017000
-1025.348999,-1.037000,5.856000
-1021.810974,1.586000,-13.969000
-1020.103027,0.976000,15.128000
-1016.077026,4.026000,-13.908000
-1027.484009,-0.183000,3.721000
-1023.458008,0.061000,7.015000
-1023.458008,3.538000,-3.477000
-1029.740967,0.244000,18.056000
-1014.002991,6.771000,8.601000
-1019.859009,4.026000,8.845000
-1011.867981,9.882000,18.910000
-1017.968018,5.490000,6.710000
-1032.608032,-1.830000,12.017000
-1024.312012,3.843000,2.074000
-1024.800049,2.623000,18.849001
-1017.052979,6.344000,12.017000
-1030.167969,-1.159000,15.128000
-1018.760986,4.636000,1.403000
-1026.081055,-0.488000,15.067000
-1014.674011,6.100000,-1.403000
-1027.972046,-0.244000,16.042999
-1024.250977,1.220000,-4.392000
-1023.091980,0.305000,10.980000
-1013.331970,8.784000,12.200000
-1014.552002,6.588000,18.177999
-1021.689026,4.758000,-10.065000
-1003.328003,11.712000,1.830000
-1008.757019,9.943000,17.629000
-1012.783020,7.686000,1.220000
-1017.601990,4.880000,4.941000
-1024.983032,-1.037000,12.810000
-1022.359985,0.427000,5.368000
-1019.797974,3.965000,1.037000
-1014.429993,6.222000,0.305000
-1026.508057,-3.294000,-1.647000
-1022.421021,0.549000,1.159000
-1023.091980,-1.708000,-1.586000
-1015.223022,2.501000,3.477000
-1025.166016,0.183000,-3.172000
-1017.968018,3.050000,7.381000
-1020.103027,0.732000,2.989000
-1015.223022,2.562000,2.257000
-1023.702026,1.464000,8.540000
-1026.874023,-0.244000,12.505000
-1028.338013,-1.647000,5.368000
-1022.116028,0.793000,-9.211000
-1025.287964,-1.220000,15.616000
-1023.091980,0.976000,-8.418000
-1025.714966,-2.318000,7.808000
-1013.637024,6.100000,-4.270000
-1032.058960,-3.599000,23.973000
-994.117004,13.115000,-0.061000
-1008.025024,12.627000,14.213000
-1033.583984,-1.952000,14.518000
-1015.406006,5.063000,-8.601000
-1021.750000,2.135000,-4.148000
-1030.656006,-2.135000,-4.941000
-1024.006958,2.684000,0.793000
-1023.885010,3.477000,5.368000
-1018.638977,5.978000,0.671000
-1032.364014,-2.806000,24.156000
-1010.281982,10.309000,-5.429000
-1027.239990,-0.305000,10.919000
-1032.668945,-3.050000,15.921000
-1015.283997,7.442000,3.294000
-1024.250977,3.294000,1.342000
-1036.390015,-5.124000,25.497999
-1022.848022,2.562000,-9.455000
-1026.630005,1.220000,18.177999
-1022.237976,3.294000,7.381000
-1029.496948,-1.037000,5.673000
-1023.580017,2.989000,15.128000
-1011.989990,10.004000,-11.041000
-1019.249023,6.710000,7.564000
-1024.312012,3.721000,8.662000
-1019.065979,6.405000,3.721000
-1012.721985,11.834000,7.442000
-1025.470947,1.159000,11.895000
-1030.594971,-1.037000,18.666000
-1019.127014,5.978000,10.370000
-1023.031006,5.673000,-1.647000
-1030.473022,-0.183000,24.583000
-1012.661011,10.675000,5.612000
-1020.224976,5.551000,10.126000
-1018.211975,4.087000,4.697000
-1025.043945,3.843000,10.065000
-1020.041992,3.721000,10.797000
-1016.992004,9.699000,13.603000
-1023.335999,3.965000,19.398001
-1016.198975,7.320000,16.714001
-1024.189941,6.344000,16.226000
-1024.129028,5.124000,16.653000
-1021.078979,7.625000,5.551000
-1027.972046,1.830000,14.762000
-1028.155029,2.684000,5.612000
-1021.505981,6.588000,0.732000
-1019.797974,8.845000,-0.366000
-1028.032959,3.782000,9.211000
-1012.356018,11.224000,9.089000
-1022.786987,1.647000,-6.161000
-1016.382019,6.039000,-9.150000
-1032.973999,-0.061000,4.575000
-1022.237976,4.514000,14.640000
-1022.116028,8.052000,4.819000
-1016.382019,5.734000,-2.745000
-1031.998047,2.318000,20.252001
-1047.369995,5.307000,0.000000
-999.119019,7.991000,-28.365000
-1040.660034,3.477000,23.240999
-1006.012024,12.139000,-10.065000
-1036.267944,2.013000,8.113000
-1012.416992,10.126000,-1.708000
-1019.614990,11.773000,1.220000
-1010.221008,14.518000,8.906000
-1027.972046,6.039000,1.281000
-1017.114014,11.651000,6.344000
-1028.642944,5.002000,13.176000
-1022.481995,9.272000,7.503000
-1020.103027,9.882000,12.017000
-1024.616943,9.089000,2.684000
-1021.262024,11.224000,3.965000
-1007.109985,20.252001,4.453000
-1013.270996,15.555000,-4.453000
-1023.580017,7.564000,17.141001
-1021.750000,11.529000,-2.196000
-1028.459961,5.124000,17.080000
-1012.172974,15.860000,4.270000
-1021.994019,10.065000,5.612000
-1029.680054,5.917000,7.381000
-1021.018005,9.089000,-1.159000
-1028.520996,5.856000,10.553000
-1019.127014,8.357000,-4.148000
-1020.651978,11.773000,16.165001
-1019.309998,13.542000,0.122000
-1028.093994,6.893000,13.847000
-1020.408020,14.030000,-4.026000
-1021.200989,11.163000,7.869000
-1020.713013,10.736000,2.562000
-1017.723999,14.091000,4.270000
-1024.983032,7.808000,5.063000
-1026.141968,8.235000,11.407000
-1025.104980,10.675000,17.141001
-1024.494995,9.211000,12.871000
-1021.445007,12.749000,21.533001
-1028.765015,7.320000,24.339001
-1025.593018,10.553000,6.466000
-1023.702026,9.577000,-0.488000
-1024.983032,8.174000,1.281000
-1023.580017,9.516000,11.163000
-1013.088013,15.189000,-3.172000
-1029.436035,6.832000,20.740000
-1019.981018,13.115000,14.274000
-1024.312012,11.102000,14.457000
-1028.642944,7.869000,35.014000
-1021.445007,12.383000,16.531000
-1028.155029,6.710000,21.837999
-1033.766968,5.978000,19.398001
-1025.166016,6.954000,7.808000
-1032.729980,5.551000,13.542000
-1025.593018,7.259000,9.699000
-1022.481995,8.662000,5.185000
-1018.273010,9.699000,-1.708000
-1026.141968,7.442000,18.177999
-1019.065979,10.858000,-5.856000
-1031.937012,2.928000,7.381000
-1019.554016,10.492000,12.322000
-1019.981018,10.187000,-10.126000
-1030.717041,2.684000,6.283000
-1011.257996,12.871000,-0.671000
-1023.335999,7.564000,5.307000
-1016.992004,9.699000,-0.244000
-1024.860962,3.050000,9.821000
-1020.103027,4.514000,-1.403000
-1026.691040,3.477000,0.305000
-1026.508057,1.708000,6.100000
-1021.383972,6.100000,8.296000
-1026.141968,3.233000,13.603000
-1018.638977,7.686000,5.917000
-1025.104980,3.477000,18.849001
-1021.689026,4.880000,7.503000
-1021.322998,7.076000,20.496000
-1016.687012,7.869000,-25.986000
-1049.870972,-11.712000,-13.054000
-1022.177002,1.281000,19.886000
-1017.906982,4.270000,-18.788000
-1022.969971,2.867000,5.307000
-1023.823975,1.220000,16.469999
-1016.687012,4.270000,-15.189000
-988.687988,20.679001,10.065000
-1023.396973,1.647000,-2.623000
-1029.680054,-1.037000,10.980000
-1016.809021,4.941000,-8.052000
-1021.994019,5.124000,27.205999
-1011.562988,11.895000,-2.928000
-1036.207031,-2.867000,9.394000
-1018.273010,5.734000,-1.281000
-1021.810974,2.989000,9.394000
-1023.153015,3.233000,5.124000
-1025.470947,1.403000,15.860000
-1026.324951,0.122000,1.037000
-1023.335999,2.074000,12.932000
-1022.848022,3.538000,10.126000
-1012.966003,8.662000,6.954000
-1029.130981,0.976000,8.540000
-1022.237976,3.172000,11.712000
-1024.616943,2.928000,8.601000
-1022.421021,4.514000,5.917000
-1028.826050,1.403000,11.529000
-1018.578003,8.540000,2.928000
-1019.492981,5.002000,13.176000
-1028.093994,3.477000,21.533001
-1018.395020,8.723000,9.333000
-1026.812988,2.074000,15.860000
-1021.932983,3.233000,10.309000
-1026.508057,-0.854000,24.583000
-1023.396973,3.111000,0.854000
-1024.921997,2.013000,11.102000
-1024.921997,0.976000,12.078000
-1023.823975,0.732000,8.723000
-1022.604004,3.111000,1.708000
-1023.091980,4.270000,1.342000
-1031.083008,-1.342000,13.786000
-1023.153015,3.721000,-12.566000
-1018.395020,6.832000,2.257000
-1018.090027,5.551000,-3.721000
-1024.067993,2.074000,3.843000
-1017.723999,9.455000,-5.917000
-1021.078979,5.612000,7.442000
-1018.943970,6.222000,-1.037000
-1019.614990,4.819000,2.623000
-1019.737000,7.198000,-8.784000
-1025.470947,2.806000,2.196000
-1023.458008,2.684000,7.076000
-1017.663025,6.832000,6.039000
-1024.129028,2.745000,-5.978000
-1024.860962,1.830000,13.969000
-1022.359985,4.453000,1.464000
-1023.458008,3.782000,7.381000
-1015.283997,8.235000,1.464000
-1031.387939,-1.708000,13.847000
-1018.273010,7.381000,-5.795000
-1022.237976,2.989000,4.514000
-1016.625977,7.930000,-3.050000
-1023.702026,3.904000,20.923000
-1021.505981,6.039000,13.115000
-1025.897949,3.233000,19.702999
-1013.088013,10.065000,11.834000
-1023.396973,5.551000,19.459000
-1026.447021,1.464000,11.895000
-1017.846008,5.551000,-2.135000
-1024.616943,2.745000,-8.662000
-1016.260010,7.198000,-0.793000
-1025.410034,3.050000,0.366000
-1011.318970,12.566000,-6.344000
-1018.151001,8.357000,5.673000
-1022.726013,3.721000,-6.832000
-1023.213989,6.466000,-2.745000
-1018.090027,8.235000,-12.688000
-1029.069946,1.220000,3.416000
-1026.995972,0.061000,-0.244000
-1024.677979,0.915000,3.721000
-1026.447021,2.013000,6.161000
-1022.421021,3.477000,-11.651000
-1027.911011,-0.305000,5.124000
-1018.151001,5.429000,-9.760000
-1018.028992,2.684000,-10.248000
-1034.255005,-3.843000,-2.928000
-1018.211975,2.501000,-1.586000
-1023.031006,1.098000,0.000000
-1022.604004,1.708000,1.159000
-1025.593018,-0.122000,1.342000
-1026.385986,1.098000,-5.307000
-1031.814941,-3.050000,8.540000
-1016.687012,4.880000,1.647000
-1027.605957,-1.952000,-3.599000
-1020.224976,3.294000,-15.128000
-1028.765015,0.366000,4.026000
-1018.333984,3.111000,-3.843000
-1016.320984,5.978000,-9.821000
-1020.651978,5.734000,-14.579000
-1021.932983,1.830000,-6.222000
-1020.956970,2.867000,-7.869000
-1017.846008,3.721000,-4.453000
-1021.505981,1.647000,-6.100000
-1018.090027,4.270000,-4.209000
-1019.737000,4.270000,-11.468000
-1026.203003,0.793000,-6.161000
-1019.187988,1.647000,-45.383999
-994.177979,20.740000,-15.494000
-1022.543030,-0.976000,-18.849001
-1033.095947,-1.281000,-15.067000
-1003.450012,5.246000,-17.080000
-1109.468018,-21.594000,4.209000
-1017.601990,-3.233000,-22.264999
-1022.421021,1.708000,8.601000
-1021.078979,19.520000,-9.699000
-1042.185059,-6.466000,-29.341000
-1011.197021,4.636000,-12.322000
-1025.714966,2.257000,-12.078000
-1024.739014,4.880000,-18.117001
-1028.765015,-4.514000,-12.261000
-1016.809021,2.013000,-9.333000
-1013.210022,3.355000,-8.357000
-1019.554016,5.063000,1.647000
-1015.223022,2.013000,-15.494000
-1026.020020,-2.623000,-9.943000
-1013.697998,5.978000,-2.684000
-1002.291016,13.420000,-29.889999
-1021.750000,1.586000,-5.490000
-1028.642944,-3.050000,-6.039000
-1019.676025,2.379000,-13.969000
-1036.451050,-6.100000,-10.431000
-1033.218018,-5.795000,-12.566000
-1026.020020,-0.732000,-7.442000
-1024.067993,-0.488000,-18.056000
-1022.786987,-0.305000,1.281000
-1021.872009,0.549000,-10.919000
-1021.689026,0.061000,0.000000
-1021.994019,2.989000,-2.684000
-1018.455994,2.318000,0.976000
-1021.932983,0.793000,-3.721000
-1022.848022,-0.305000,-4.758000
-1019.859009,0.000000,-11.590000
-1027.605957,-2.806000,-8.845000
-1025.593018,-2.806000,-8.967000
#pos2
1043.892944,1.647000,42.639000
1046.515991,1.891000,41.358002
1045.052002,-0.488000,39.771999
1045.540039,1.098000,45.445000
1046.150024,2.440000,42.028999
1045.784058,1.708000,44.773998
1041.758057,-0.976000,44.224998
1043.282959,-0.427000,45.262001
1044.197998,0.732000,59.474998
1046.088989,1.525000,47.396999
1047.004028,1.098000,49.287998
1044.076050,1.220000,46.421001
1044.625000,-0.305000,42.761002
1043.343994,-0.732000,44.285999
1043.953979,1.464000,44.713001
1045.540039,-0.061000,46.726002
1045.357056,0.183000,47.153000
1044.380981,-0.915000,44.285999
1043.099976,0.732000,47.030998
1044.869019,1.220000,42.577999
1043.588013,1.647000,47.458000
1044.990967,0.305000,46.055000
1044.686035,0.427000,46.237999
1044.442017,0.427000,44.408001
1043.465942,0.122000,43.005001
1044.625000,0.671000,48.129002
1045.173950,1.220000,45.201000
1044.015015,-0.915000,44.652000
1046.150024,0.732000,46.237999
1045.173950,0.549000,43.919998
1043.465942,0.305000,47.275002
1045.417969,0.854000,45.445000
1044.563965,1.464000,44.103001
1045.600952,0.183000,46.481998
1044.563965,0.732000,46.542999
1044.625000,-0.366000,44.529999
1044.442017,0.793000,43.370998
1045.723022,1.403000,44.224998
1044.990967,2.379000,45.932999
1043.526978,0.183000,44.773998
1043.770996,1.769000,42.456001
1045.234985,1.220000,44.896000
1045.357056,1.281000,46.786999
1045.661987,1.464000,46.421001
1045.296021,0.976000,40.992001
1044.015015,0.488000,40.504002
1045.723022,0.061000,42.272999
1043.649048,1.647000,43.493000
1044.686035,0.610000,43.370998
1045.173950,1.098000,43.126999
1047.187012,0.305000,44.652000
1045.173950,1.525000,44.469002
1043.649048,0.427000,42.821999
1043.953979,-1.830000,46.665001
1045.906006,0.183000,46.481998
1043.953979,-0.671000,43.675999
1044.503052,-0.671000,43.249001
1043.892944,1.464000,45.201000
1044.442017,0.671000,44.834999
1044.990967,0.549000,43.493000
1043.465942,1.403000,41.174999
1043.892944,1.525000,41.662998
1043.770996,1.403000,40.869999
1043.588013,0.366000,42.761002
1044.503052,2.257000,42.028999
1046.088989,0.061000,46.116001
1044.015015,1.952000,41.236000
1045.234985,-0.366000,45.018002
1046.637939,1.708000,43.859001
1045.540039,1.220000,46.970001
1043.282959,-0.122000,36.844002
1045.234985,2.013000,41.358002
1045.113037,0.549000,41.174999
1044.686035,1.220000,41.358002
1045.661987,-1.220000,43.859001
1042.672974,-0.427000,37.820000
1038.646973,0.488000,42.334000
1043.953979,1.464000,41.358002
1045.600952,1.769000,45.139999
1043.709961,1.037000,43.493000
1044.136963,0.488000,42.639000
1046.271973,-0.732000,41.236000
1046.515991,2.013000,44.042000
1043.038940,2.135000,40.077000
1045.357056,1.281000,40.259998
1044.136963,-0.244000,40.869999
1044.015015,2.501000,42.028999
1045.173950,-0.976000,39.284000
1044.625000,0.976000,43.188000
1043.405029,0.610000,43.126999
1043.953979,1.464000,43.859001
1042.916992,2.379000,41.480000
1046.454956,2.379000,42.639000
1044.990967,1.342000,45.139999
1046.271973,0.854000,39.650002
1044.136963,0.915000,42.944000
1045.844971,0.122000,45.567001
1045.113037,0.671000,41.662998
1043.832031,-0.549000,44.408001
1045.417969,2.379000,45.872002
1043.343994,0.854000,42.761002
1045.234985,0.732000,42.456001
1045.417969,0.244000,42.516998
1044.197998,1.098000,43.066002
1046.394043,-0.976000,44.285999
1046.454956,0.610000,42.028999
1045.296021,0.671000,42.944000
1045.967041,-0.061000,40.992001
1044.930054,0.732000,45.627998
1045.661987,0.366000,42.028999
1043.343994,0.549000,39.528000
1045.967041,2.257000,45.567001
1043.709961,1.586000,40.259998
1045.173950,1.647000,42.028999
1044.442017,1.159000,43.370998
1045.540039,0.000000,42.272999
1044.930054,0.000000,43.310001
1044.807983,0.915000,44.164001
1043.526978,1.220000,43.066002
1043.343994,0.549000,43.980999
1043.953979,-0.183000,39.345001
1044.930054,0.915000,42.334000
1044.930054,3.599000,41.541000
1044.076050,0.732000,41.602001
1044.869019,0.305000,42.212002
1044.930054,1.464000,44.224998
1044.746948,0.549000,41.785000
1047.308960,2.379000,42.456001
1045.113037,0.244000,42.821999
1043.649048,0.183000,41.907001
1044.442017,-0.915000,43.126999
1045.417969,0.366000,43.066002
1044.990967,1.830000,41.723999
1044.319946,1.525000,43.615002
1045.113037,1.037000,40.808998
1044.869019,1.098000,44.652000
1044.563965,0.488000,42.944000
1045.296021,0.793000,44.529999
1044.746948,0.854000,42.334000
1044.136963,1.525000,41.418999
1045.784058,1.159000,38.917999
1045.113037,1.159000,42.577999
1044.746948,-0.427000,42.395000
1046.577026,2.562000,40.077000
1044.807983,2.135000,41.113998
1045.723022,1.586000,43.675999
1045.234985,0.732000,43.126999
1043.649048,-0.854000,44.834999
1044.807983,1.586000,43.370998
1045.234985,1.037000,39.833000
1045.357056,0.000000,46.421001
1046.698975,1.647000,42.395000
1044.930054,0.488000,40.077000
1046.271973,1.220000,41.723999
1043.770996,1.098000,43.005001
1046.515991,-0.976000,42.577999
1044.076050,0.122000,41.358002
1046.088989,0.000000,45.750000
1046.150024,-0.854000,45.139999
1044.686035,0.976000,42.821999
1045.173950,1.098000,44.896000
1043.709961,0.793000,41.967999
1046.394043,1.159000,42.090000
1045.234985,1.830000,44.164001
1045.906006,1.830000,40.564999
1044.930054,0.366000,45.383999
1043.953979,0.427000,40.869999
1044.076050,-0.305000,47.396999
1045.906006,1.525000,42.761002
1045.357056,-0.183000,43.249001
1044.197998,1.708000,41.662998
1044.807983,-0.366000,41.418999
1044.563965,-0.061000,44.469002
1044.259033,-0.061000,43.005001
1044.746948,0.244000,44.652000
1044.076050,1.281000,42.090000
1043.649048,-0.671000,41.236000
1044.686035,0.549000,41.358002
1046.271973,-0.366000,44.164001
1043.770996,0.061000,43.615002
1044.076050,-0.244000,43.126999
1045.296021,1.525000,43.188000
1045.906006,0.061000,40.869999
1044.563965,0.427000,41.602001
1043.832031,2.257000,43.919998
1044.503052,1.830000,41.053001
1044.686035,1.464000,41.846001
1044.625000,-0.793000,45.139999
1046.088989,2.135000,40.808998
1046.515991,0.305000,45.323002
1046.211060,0.427000,45.627998
1045.661987,1.525000,38.917999
1045.844971,1.403000,33.549999
1044.686035,1.159000,46.726002
1045.967041,0.732000,43.370998
1045.784058,1.647000,44.469002
1044.442017,1.830000,45.078999
1043.465942,2.074000,43.493000
1045.784058,-0.183000,43.370998
1043.465942,0.305000,40.687000
1044.015015,1.220000,42.577999
1044.746948,1.891000,43.126999
1045.234985,2.562000,46.786999
1044.076050,0.488000,40.869999
1045.967041,1.586000,41.174999
1045.234985,1.586000,45.932999
1044.625000,1.159000,44.042000
1044.990967,-0.793000,44.529999
1044.503052,1.952000,43.066002
1045.600952,-0.610000,45.139999
1044.380981,-0.427000,44.042000
1043.832031,0.915000,42.944000
1044.686035,-0.061000,43.005001
1045.296021,-0.366000,44.164001
1045.173950,0.854000,46.360001
1044.503052,2.440000,42.456001
1046.150024,0.915000,46.176998
1045.113037,-0.244000,41.297001
1044.319946,1.952000,44.224998
1043.649048,1.220000,43.737000
1044.869019,1.403000,42.090000
1044.503052,-0.671000,38.674000
1045.173950,-0.183000,44.896000
1044.930054,1.159000,42.334000
1044.686035,0.061000,48.373001
1044.990967,0.915000,41.174999
1045.540039,2.135000,38.368999
1045.600952,1.586000,43.554001
1043.892944,0.305000,43.249001
1045.173950,-0.671000,43.249001
1042.855957,-0.976000,42.761002
1046.150024,1.403000,39.101002
1044.990967,-0.366000,41.053001
1045.173950,1.220000,42.516998
1045.417969,1.952000,43.249001
1044.625000,0.427000,42.456001
1044.807983,1.830000,43.675999
1044.259033,-0.671000,41.723999
1044.076050,-0.244000,46.237999
1044.563965,1.159000,39.589001
1044.380981,-0.061000,40.199001
1044.076050,1.769000,42.334000
1044.319946,-0.244000,41.785000
1043.892944,2.135000,43.431999
1046.211060,0.793000,40.382000
1045.540039,0.610000,40.015999
1044.930054,0.854000,41.358002
1043.588013,1.159000,37.698002
1044.990967,1.403000,43.066002
1045.417969,1.403000,38.612999
1043.770996,0.122000,46.176998
1044.563965,1.586000,44.224998
1043.588013,0.244000,45.445000
1044.746948,-0.488000,40.443001
1044.503052,0.610000,39.284000
1044.563965,2.318000,43.310001
1043.892944,1.891000,40.931000
1044.319946,1.342000,40.382000
1044.197998,1.403000,41.846001
1044.807983,0.122000,44.834999
1044.197998,1.037000,42.761002
1042.978027,-0.183000,43.493000
1044.746948,1.952000,41.174999
1044.197998,-0.366000,40.382000
1044.990967,0.000000,40.259998
1045.113037,1.586000,38.917999
1044.442017,-0.366000,42.456001
1046.698975,1.464000,42.821999
1044.563965,-0.915000,42.212002
1045.173950,-0.427000,41.662998
1045.479004,-0.366000,41.297001
1046.088989,1.037000,42.395000
1044.869019,1.525000,43.554001
1044.990967,1.342000,38.430000
1044.625000,0.366000,40.808998
1044.869019,1.769000,44.957001
1042.428955,1.281000,39.710999
1044.259033,0.793000,42.882999
1045.173950,0.122000,43.675999
1045.417969,2.318000,39.466999
1043.588013,0.671000,39.528000
1043.099976,0.122000,45.932999
1044.136963,-0.915000,42.028999
1043.709961,0.854000,43.980999
1045.906006,-0.549000,41.541000
1045.784058,1.098000,41.480000
1044.686035,-0.610000,48.189999
1044.503052,1.281000,38.307999
1046.577026,0.732000,42.212002
1044.746948,0.122000,41.113998
1045.357056,1.586000,42.882999
1044.563965,0.976000,43.431999
1044.442017,-0.366000,41.418999
1044.503052,1.037000,42.761002
1043.709961,0.305000,39.528000
1045.052002,1.769000,40.320999
1045.173950,0.122000,40.382000
1045.417969,1.037000,39.528000
1043.588013,-0.122000,42.821999
1045.417969,-1.830000,38.430000
1045.600952,-0.305000,41.785000
1043.953979,1.342000,42.577999
1044.259033,1.464000,41.297001
1044.990967,0.488000,43.005001
1044.563965,1.403000,39.466999
1044.197998,0.915000,42.090000
1044.686035,0.549000,37.881001
1044.807983,-0.122000,39.771999
1045.052002,-0.183000,42.272999
1045.844971,-1.342000,36.599998
1045.052002,1.647000,41.480000
#pos 3
-59.414001,-1048.589966,32.146999
-58.987000,-1047.004028,32.818001
-57.889000,-1049.443970,35.014000
-57.706001,-1049.870972,33.855000
-58.011002,-1047.248047,32.574001
-58.804001,-1049.383057,32.269001
-58.987000,-1050.053955,34.098999
-59.719002,-1047.614014,32.390999
-59.230999,-1049.687988,31.659000
-58.865002,-1049.749023,31.292999
-58.925999,-1048.041016,29.951000
-58.132999,-1048.468018,29.646000
-58.132999,-1048.895020,31.110001
-58.499001,-1049.078003,31.415001
-59.841000,-1050.114990,29.341000
-60.146000,-1048.223999,29.219000
-58.743000,-1048.345947,33.549999
-57.827999,-1048.651001,30.134001
-59.230999,-1047.004028,31.537001
-61.000000,-1049.810059,29.280001
-58.681999,-1048.895020,29.035999
-58.804001,-1047.979980,28.365000
-58.865002,-1047.918945,28.670000
-59.169998,-1047.796997,30.134001
-59.535999,-1047.552979,27.450001
-59.841000,-1048.895020,29.280001
-58.925999,-1049.505005,27.694000
-58.804001,-1049.260986,29.584999
-57.584000,-1047.858032,25.620001
-58.071999,-1048.833984,27.694000
-61.000000,-1047.187012,28.181999
-59.902000,-1048.712036,28.426001
-60.817001,-1047.248047,27.572001
-59.474998,-1049.749023,28.548000
-59.779999,-1047.308960,25.375999
-59.474998,-1046.454956,30.256001
-58.865002,-1049.016968,26.596001
-59.658001,-1047.552979,27.327999
-60.328999,-1049.566040,26.108000
-59.474998,-1047.248047,29.158001
-60.451000,-1050.176025,30.500000
-58.132999,-1047.979980,27.694000
-60.328999,-1048.589966,26.840000
-60.328999,-1050.663940,25.497999
-60.207001,-1048.345947,28.487000
-61.243999,-1045.784058,27.511000
-59.963001,-1048.102051,25.924999
-61.122002,-1049.139038,28.914000
-60.451000,-1048.102051,28.243000
-59.597000,-1046.760010,29.462999
-59.048000,-1047.004028,28.975000
-60.084999,-1049.993042,24.156000
-58.865002,-1048.406982,28.243000
-60.695000,-1048.102051,26.291000
-59.597000,-1048.895020,26.535000
-59.902000,-1050.359009,26.657000
-60.451000,-1047.552979,27.084000
-58.987000,-1047.614014,27.327999
-58.499001,-1049.016968,28.608999
-59.902000,-1049.383057,29.158001
-61.000000,-1049.016968,25.254000
-58.681999,-1049.443970,29.035999
-60.633999,-1047.735962,26.657000
-58.620998,-1047.552979,27.023001
-60.451000,-1047.064941,28.548000
-59.292000,-1048.162964,25.620001
-59.353001,-1049.078003,26.657000
-59.963001,-1050.176025,26.230000
-59.597000,-1049.443970,25.742001
-60.023998,-1046.881958,28.181999
-59.230999,-1048.285034,24.461000
-59.353001,-1048.102051,29.219000
-58.560001,-1048.956055,25.681000
-59.474998,-1048.651001,26.718000
-60.207001,-1048.712036,25.497999
-59.353001,-1048.772949,32.939999
-58.804001,-1048.529053,25.924999
-60.023998,-1048.651001,28.792000
-59.535999,-1047.369995,26.230000
-59.902000,-1047.552979,24.888000
-58.316002,-1048.712036,23.607000
-60.695000,-1045.967041,26.596001
-58.987000,-1048.041016,25.315001
-59.779999,-1047.614014,26.535000
-59.474998,-1050.053955,24.888000
-58.865002,-1048.712036,25.986000
-56.668999,-1047.675049,29.462999
-55.144001,-1051.578979,28.975000
-58.925999,-1049.199951,26.962000
-60.695000,-1049.078003,27.023001
-58.987000,-1049.383057,27.450001
-60.756001,-1050.053955,24.643999
-59.902000,-1046.515991,26.169001
-59.963001,-1048.468018,25.315001
-59.474998,-1047.187012,25.193001
-59.902000,-1049.016968,27.450001
-61.000000,-1049.322021,37.148998
-70.333000,-1045.052002,23.058001
-59.353001,-1047.796997,26.291000
-59.902000,-1047.979980,27.023001
-59.597000,-1048.162964,25.742001
-60.023998,-1046.515991,25.924999
-59.048000,-1046.211060,26.900999
-60.207001,-1045.600952,27.877001
-59.902000,-1048.651001,25.070999
-57.827999,-1048.833984,26.778999
-60.328999,-1048.345947,27.999001
-59.597000,-1047.735962,27.023001
-59.048000,-1048.468018,24.705000
-59.048000,-1047.552979,26.718000
-60.695000,-1047.308960,27.511000
-59.230999,-1048.102051,25.254000
-58.743000,-1047.064941,23.790001
-59.597000,-1047.248047,26.778999
-59.597000,-1048.345947,27.084000
-60.207001,-1048.895020,26.596001
-60.207001,-1049.443970,27.511000
-58.316002,-1049.749023,27.632999
-61.061001,-1048.345947,24.156000
-58.743000,-1048.833984,29.280001
-58.132999,-1049.932007,25.437000
-59.109001,-1048.468018,25.742001
-60.451000,-1047.369995,27.938000
-60.023998,-1049.932007,27.694000
-60.268002,-1048.772949,27.572001
-58.925999,-1049.993042,28.670000
-59.169998,-1049.687988,27.389000
-59.719002,-1050.053955,24.948999
-58.620998,-1049.078003,27.877001
-61.305000,-1047.614014,24.400000
-60.084999,-1048.102051,27.084000
-59.230999,-1048.041016,26.596001
-58.804001,-1047.248047,25.010000
-58.681999,-1049.260986,25.986000
-58.499001,-1047.248047,25.254000
-59.353001,-1047.796997,26.535000
-56.973999,-1048.529053,23.973000
-58.987000,-1047.431030,23.973000
-58.743000,-1047.796997,25.681000
-59.474998,-1048.956055,23.180000
-59.048000,-1048.041016,27.023001
-60.633999,-1047.614014,24.339001
-59.597000,-1047.675049,25.254000
-59.169998,-1048.772949,25.802999
-59.048000,-1047.614014,26.535000
-59.353001,-1048.102051,25.070999
-59.779999,-1047.125977,23.363001
-58.071999,-1046.698975,25.986000
-60.268002,-1048.956055,26.778999
-61.243999,-1047.187012,23.363001
-59.169998,-1050.541992,24.583000
-58.499001,-1049.383057,25.375999
-59.048000,-1049.139038,25.193001
-60.389999,-1048.223999,24.705000
-60.146000,-1048.102051,25.620001
-59.414001,-1048.285034,24.948999
-57.889000,-1049.199951,22.875000
-59.779999,-1047.431030,26.718000
-58.987000,-1047.675049,24.888000
-59.414001,-1049.260986,23.118999
-60.451000,-1048.041016,24.156000
-58.255001,-1048.712036,23.363001
-59.169998,-1049.199951,24.766001
-56.791000,-1047.064941,23.058001
-60.084999,-1047.308960,23.302000
-60.938999,-1045.661987,23.790001
-60.817001,-1047.248047,24.705000
-59.963001,-1049.199951,23.302000
-59.658001,-1048.162964,23.180000
-59.109001,-1048.162964,22.082001
-58.804001,-1047.796997,25.742001
-61.915001,-1047.431030,23.790001
-60.695000,-1049.566040,24.461000
-59.719002,-1048.772949,24.216999
-58.925999,-1048.285034,23.302000
-59.963001,-1048.772949,25.924999
-59.535999,-1047.187012,21.959999
-60.023998,-1047.979980,21.228001
-60.146000,-1047.918945,25.254000
-59.353001,-1048.162964,25.315001
-60.268002,-1048.956055,26.291000
-60.023998,-1048.223999,26.657000
-60.389999,-1048.529053,22.691999
-59.230999,-1049.810059,23.240999
-60.268002,-1049.199951,26.535000
-59.353001,-1049.016968,22.082001
-60.146000,-1049.260986,20.801001
-59.658001,-1048.102051,26.047001
-58.560001,-1048.712036,24.643999
-60.512001,-1047.064941,20.129999
-59.474998,-1046.760010,24.521999
-59.597000,-1051.151978,24.034000
-58.865002,-1049.687988,24.216999
-59.292000,-1048.529053,24.643999
-60.389999,-1048.285034,25.070999
-59.902000,-1049.566040,27.023001
-59.169998,-1048.468018,25.620001
-59.779999,-1049.687988,23.912001
-60.023998,-1048.345947,23.180000
-58.316002,-1049.687988,24.094999
-59.048000,-1048.712036,23.790001
-60.451000,-1047.491943,24.948999
-58.255001,-1049.078003,28.670000
-59.292000,-1049.749023,25.254000
-60.756001,-1046.760010,27.267000
-59.841000,-1049.810059,25.986000
-60.146000,-1047.125977,27.511000
-61.061001,-1049.260986,25.986000
-61.061001,-1046.821045,24.766001
-59.841000,-1047.675049,24.521999
-61.061001,-1045.967041,25.070999
-58.681999,-1047.918945,22.936001
-59.597000,-1048.102051,24.521999
-62.280998,-1048.223999,23.729000
-59.658001,-1047.918945,23.424000
-59.902000,-1048.956055,22.326000
-60.756001,-1050.847046,23.302000
-60.877998,-1049.993042,21.655001
-60.451000,-1049.687988,24.094999
-59.963001,-1048.651001,20.496000
-60.268002,-1046.515991,23.851000
-61.731998,-1048.102051,23.180000
-58.499001,-1047.491943,21.594000
-60.512001,-1046.698975,24.278000
-60.451000,-1047.064941,24.705000
-58.560001,-1048.406982,25.193001
-60.268002,-1050.237061,22.143000
-61.366001,-1048.712036,24.156000
-60.023998,-1048.223999,21.228001
-60.817001,-1049.199951,24.278000
-59.230999,-1050.420044,24.034000
-61.366001,-1049.139038,22.691999
-59.841000,-1047.858032,23.302000
-60.512001,-1049.932007,22.143000
-59.535999,-1049.383057,25.010000
-60.451000,-1049.505005,20.313000
-59.902000,-1047.064941,23.729000
-59.169998,-1049.199951,23.729000
-58.743000,-1049.016968,22.509001
-60.207001,-1048.345947,25.315001
-60.084999,-1049.870972,21.959999
-61.061001,-1048.589966,24.705000
-61.671001,-1047.064941,21.228001
-59.292000,-1049.078003,21.594000
-59.719002,-1047.796997,25.315001
-58.925999,-1048.529053,21.228001
-60.146000,-1049.870972,24.888000
-59.902000,-1048.651001,22.264999
-60.328999,-1047.918945,22.386999
-59.535999,-1049.199951,20.313000
-59.597000,-1048.285034,22.691999
-61.243999,-1048.833984,24.948999
-59.963001,-1049.749023,22.264999
-60.207001,-1049.383057,22.204000
-60.573002,-1047.796997,25.497999
-61.000000,-1049.626953,24.461000
-59.535999,-1048.162964,24.948999
-60.207001,-1047.979980,25.864000
-59.230999,-1048.345947,25.497999
-59.048000,-1047.735962,24.766001
-60.389999,-1048.895020,24.339001
-59.535999,-1047.004028,24.827000
-59.353001,-1049.199951,25.132000
-61.182999,-1048.956055,24.827000
-59.230999,-1049.260986,21.594000
-59.474998,-1049.505005,21.350000
-59.169998,-1048.895020,22.021000
-57.401001,-1050.847046,27.632999
-59.414001,-1048.895020,13.725000
-61.366001,-1043.953979,28.365000
-61.243999,-1051.334961,22.997000
-59.902000,-1050.114990,22.875000
-60.023998,-1047.064941,21.837999
-60.756001,-1048.529053,24.400000
-62.646999,-1048.345947,18.544001
-64.476997,-1047.431030,23.118999
-59.841000,-1046.881958,19.580999
-60.389999,-1046.454956,19.215000
-59.841000,-1047.187012,19.215000
-62.036999,-1046.760010,25.986000
-59.597000,-1052.982056,21.350000
-59.658001,-1050.053955,24.216999
-61.610001,-1049.810059,23.180000
-60.084999,-1049.139038,17.263000
-60.573002,-1047.187012,22.936001
-60.877998,-1048.529053,22.448000
-59.597000,-1051.030029,20.191000
-61.243999,-1046.637939,19.825001
-60.146000,-1048.102051,20.740000
-61.243999,-1050.114990,20.007999
-61.792999,-1047.308960,19.702999
-61.426998,-1047.796997,22.570000
-61.549000,-1051.761963,23.302000
-60.023998,-1048.529053,21.777000
#pos4
16.714001,4.819000,1071.587036
18.483000,3.843000,1073.965942
17.690001,3.355000,1072.745972
18.422001,3.050000,1071.953003
17.629000,4.087000,1073.538940
16.165001,3.538000,1073.112061
17.568001,3.660000,1074.942017
17.507000,4.880000,1072.928955
18.788000,4.514000,1073.355957
18.117001,3.904000,1074.392944
18.849001,2.928000,1073.416992
16.896999,3.965000,1073.478027
18.971001,5.368000,1074.392944
18.361000,3.538000,1074.392944
17.568001,5.429000,1074.942017
17.568001,3.965000,1072.989990
17.568001,3.721000,1071.770020
17.080000,4.209000,1072.441040
19.153999,2.013000,1074.088013
19.398001,4.941000,1074.392944
17.568001,3.294000,1072.868042
18.299999,3.721000,1071.037964
18.605000,3.111000,1071.953003
16.775000,3.965000,1073.416992
17.445999,3.233000,1074.942017
19.398001,4.392000,1074.636963
16.896999,3.477000,1075.125000
17.568001,4.697000,1074.515015
18.605000,5.063000,1072.318970
18.788000,5.307000,1072.258057
17.872999,3.172000,1073.722046
17.568001,2.440000,1072.380005
19.093000,3.416000,1073.538940
17.872999,3.843000,1073.478027
18.605000,4.453000,1073.295044
17.934000,2.928000,1074.942017
18.117001,3.050000,1073.661011
19.093000,4.819000,1072.624023
18.971001,5.978000,1073.538940
17.385000,3.172000,1073.172974
17.629000,5.124000,1074.270996
18.544001,5.124000,1073.234009
17.750999,4.575000,1071.281982
17.812000,5.551000,1074.209961
18.361000,4.880000,1070.306030
18.177999,5.124000,1073.782959
18.361000,4.270000,1073.295044
18.117001,3.599000,1073.172974
17.995001,4.270000,1071.464966
19.093000,5.429000,1072.318970
19.337000,3.477000,1071.647949
18.299999,5.856000,1073.295044
18.299999,3.721000,1074.026978
16.958000,4.758000,1073.112061
15.799000,4.209000,1071.464966
17.568001,4.331000,1073.478027
18.117001,5.063000,1074.576050
18.544001,4.880000,1071.891968
17.872999,5.612000,1072.685059
18.361000,2.379000,1072.074951
18.177999,3.721000,1073.172974
17.445999,5.429000,1073.599976
19.032000,3.782000,1072.868042
15.921000,3.355000,1072.928955
17.690001,5.917000,1073.782959
16.469999,5.307000,1073.172974
18.788000,4.148000,1074.453979
16.531000,4.026000,1072.562988
17.872999,4.880000,1073.661011
17.202000,5.063000,1074.697998
17.445999,4.941000,1074.453979
17.872999,3.355000,1071.343018
16.775000,4.026000,1073.416992
16.714001,4.697000,1071.708984
18.971001,4.453000,1073.416992
18.422001,5.124000,1074.576050
18.544001,4.331000,1073.478027
17.568001,5.734000,1073.722046
17.263000,3.782000,1073.905029
17.934000,3.965000,1073.051025
17.872999,4.453000,1074.149048
18.177999,5.002000,1071.160034
18.910000,3.721000,1073.905029
17.872999,4.697000,1072.501953
17.507000,3.111000,1072.989990
17.141001,3.721000,1075.003052
16.775000,2.562000,1074.270996
19.642000,4.514000,1071.464966
17.995001,3.538000,1073.905029
17.080000,3.782000,1074.453979
17.385000,3.721000,1073.051025
17.812000,3.355000,1073.599976
17.934000,2.684000,1072.562988
16.042999,3.355000,1074.026978
17.202000,4.026000,1071.708984
18.239000,3.172000,1074.392944
17.323999,3.843000,1072.501953
18.239000,4.880000,1075.307983
17.629000,4.575000,1073.295044
17.323999,4.697000,1072.928955
17.995001,3.233000,1073.478027
18.849001,3.355000,1073.295044
17.323999,5.612000,1072.014038
19.702999,3.843000,1072.014038
17.995001,1.891000,1073.416992
16.348000,4.148000,1072.928955
19.153999,4.575000,1072.318970
18.177999,3.050000,1075.003052
18.544001,4.819000,1074.149048
17.872999,3.782000,1074.270996
19.153999,4.819000,1073.234009
17.872999,2.989000,1073.538940
17.323999,5.124000,1072.074951
17.080000,5.795000,1073.416992
17.568001,4.758000,1073.599976
17.629000,3.233000,1073.478027
17.323999,4.148000,1073.782959
16.896999,4.636000,1074.453979
18.544001,3.477000,1073.722046
18.849001,4.026000,1072.989990
19.520000,5.063000,1072.380005
17.445999,6.161000,1072.685059
17.141001,3.965000,1072.014038
17.507000,3.599000,1072.807007
16.896999,4.026000,1073.599976
18.239000,4.392000,1074.453979
16.104000,1.220000,1073.295044
17.812000,4.209000,1074.332031
15.860000,3.172000,1072.745972
20.007999,3.172000,1073.478027
16.836000,4.880000,1074.026978
17.812000,5.490000,1073.722046
18.177999,5.551000,1073.112061
17.080000,5.673000,1074.088013
17.995001,5.795000,1072.807007
18.422001,3.660000,1073.661011
19.337000,5.246000,1071.464966
19.337000,3.172000,1072.868042
17.995001,4.453000,1074.026978
18.239000,3.172000,1072.318970
18.361000,2.745000,1071.831055
18.177999,4.087000,1073.722046
17.812000,4.026000,1075.186035
17.690001,2.928000,1072.928955
17.202000,4.392000,1072.807007
18.483000,3.477000,1072.135986
16.836000,5.368000,1073.234009
17.750999,5.673000,1073.234009
17.018999,5.307000,1074.576050
19.764000,4.819000,1072.868042
19.093000,4.087000,1073.416992
17.385000,4.575000,1073.172974
18.666000,4.636000,1073.538940
19.153999,3.782000,1075.246948
18.666000,4.514000,1073.538940
17.018999,4.514000,1073.843994
17.995001,3.965000,1074.576050
17.202000,4.148000,1074.209961
18.544001,4.392000,1074.515015
18.361000,2.257000,1074.636963
18.726999,3.965000,1073.112061
17.568001,4.880000,1073.661011
17.568001,5.612000,1075.796021
17.690001,5.307000,1074.515015
17.385000,2.684000,1074.209961
17.872999,3.904000,1073.416992
17.323999,6.100000,1072.624023
17.629000,4.819000,1072.624023
17.934000,4.697000,1073.416992
19.337000,3.416000,1073.172974
18.788000,3.843000,1073.722046
19.520000,5.368000,1074.392944
17.872999,3.111000,1073.722046
17.018999,5.246000,1072.868042
17.934000,5.673000,1073.538940
15.921000,3.416000,1073.355957
17.629000,4.636000,1074.819946
19.093000,3.233000,1073.416992
16.531000,4.209000,1075.734985
18.605000,5.368000,1073.538940
19.153999,4.209000,1073.051025
17.690001,4.514000,1072.135986
16.714001,4.697000,1072.807007
18.117001,4.575000,1073.051025
17.445999,2.745000,1072.380005
17.629000,3.050000,1072.868042
18.483000,5.002000,1071.587036
16.714001,5.002000,1072.074951
18.726999,3.294000,1072.868042
18.849001,3.050000,1074.088013
18.239000,4.209000,1074.332031
18.177999,4.026000,1073.782959
17.812000,2.989000,1073.112061
19.153999,3.660000,1073.478027
17.872999,4.148000,1072.928955
18.056000,4.087000,1072.441040
18.117001,3.782000,1071.281982
16.836000,3.538000,1073.112061
18.056000,4.148000,1072.562988
17.934000,5.673000,1073.112061
18.239000,3.782000,1073.172974
18.483000,3.965000,1071.526001
16.042999,3.660000,1072.380005
17.445999,4.453000,1071.526001
18.299999,4.392000,1074.026978
17.629000,3.050000,1074.026978
18.177999,3.294000,1071.891968
17.872999,4.148000,1069.817993
17.385000,4.148000,1073.416992
17.568001,4.270000,1072.868042
18.483000,5.185000,1074.088013
19.337000,4.575000,1074.636963
17.141001,4.697000,1073.051025
18.483000,4.514000,1074.270996
19.337000,4.697000,1069.086060
16.836000,5.673000,1072.014038
17.995001,5.429000,1074.209961
18.056000,3.294000,1075.186035
19.275999,4.331000,1073.905029
18.299999,4.392000,1073.905029
17.629000,3.904000,1072.562988
17.995001,3.782000,1073.051025
18.239000,5.612000,1073.416992
19.153999,3.721000,1072.074951
18.788000,4.270000,1072.624023
#pos5
17.018999,49.653999,-963.312012
16.591999,50.325001,-962.702026
17.568001,49.653999,-964.104980
15.250000,50.386002,-963.677979
16.409000,49.043999,-964.836975
16.469999,48.799999,-962.580017
16.165001,48.678001,-963.190002
16.469999,48.129002,-963.129028
16.775000,49.471001,-964.226990
16.469999,48.433998,-964.653992
17.568001,50.325001,-963.921997
15.250000,50.202999,-963.921997
15.067000,49.410000,-963.982971
16.226000,51.300999,-964.958984
16.226000,50.202999,-963.067993
15.738000,51.972000,-965.630005
15.250000,48.312000,-963.799988
16.958000,49.105000,-963.861023
14.884000,48.433998,-963.739014
16.714001,49.592999,-963.129028
16.165001,50.020000,-963.677979
16.226000,49.471001,-963.617004
15.982000,50.874001,-964.226990
16.287001,49.959000,-964.044006
16.165001,49.715000,-964.471008
17.995001,49.227001,-963.312012
16.469999,50.202999,-965.020020
17.263000,49.715000,-963.861023
17.080000,49.592999,-962.885010
16.896999,48.983002,-963.799988
16.165001,50.630001,-961.786987
16.836000,50.081001,-963.434021
17.385000,49.227001,-964.471008
17.018999,49.166000,-962.580017
16.896999,50.325001,-963.067993
15.738000,50.874001,-962.153015
16.714001,51.849998,-963.250977
16.042999,48.312000,-964.226990
16.042999,49.471001,-963.799988
17.872999,49.166000,-964.226990
16.226000,50.202999,-964.226990
17.080000,49.227001,-963.129028
16.531000,50.202999,-963.129028
16.042999,49.410000,-962.580017
17.263000,49.105000,-961.359985
16.958000,49.715000,-964.471008
15.067000,49.287998,-963.982971
16.165001,50.507999,-964.166016
16.714001,50.264000,-963.007019
16.653000,50.386002,-963.799988
16.591999,49.959000,-963.312012
17.141001,47.702000,-964.593018
18.361000,47.214001,-962.885010
17.080000,49.715000,-964.288025
18.177999,48.861000,-962.885010
18.849001,49.227001,-963.739014
18.605000,47.458000,-962.213989
17.690001,47.214001,-963.129028
17.141001,47.945999,-964.226990
18.726999,48.738998,-962.580017
16.531000,49.532001,-962.945984
18.056000,48.433998,-963.799988
19.093000,50.507999,-962.945984
17.507000,50.507999,-962.091980
18.666000,49.043999,-963.007019
18.239000,48.494999,-963.677979
19.032000,48.129002,-964.166016
17.690001,48.433998,-962.823975
19.825001,49.227001,-963.434021
18.910000,49.897999,-962.580017
18.849001,50.081001,-962.763000
17.934000,47.763000,-963.007019
18.910000,48.983002,-963.799988
17.385000,48.738998,-962.396973
18.239000,48.799999,-964.409973
17.750999,50.202999,-964.409973
18.910000,47.153000,-962.458008
18.971001,49.897999,-965.874023
17.934000,47.640999,-963.494995
17.629000,50.691002,-963.982971
17.568001,49.410000,-963.921997
17.750999,48.007000,-966.057007
18.666000,49.105000,-963.556030
18.971001,49.410000,-963.739014
18.971001,47.458000,-965.752014
17.812000,50.995998,-962.640991
18.361000,49.837002,-962.458008
18.483000,47.702000,-963.190002
17.629000,47.519001,-964.776001
18.177999,48.922001,-962.885010
17.629000,47.335999,-963.799988
17.934000,50.020000,-965.142029
18.605000,49.776001,-963.067993
18.726999,48.922001,-963.007019
17.445999,48.922001,-963.861023
17.080000,49.715000,-965.447021
18.788000,50.751999,-964.958984
18.726999,47.945999,-963.312012
17.872999,49.043999,-963.190002
19.459000,47.640999,-962.763000
18.056000,49.532001,-964.715027
19.275999,49.592999,-963.799988
18.605000,47.702000,-962.213989
17.507000,48.250999,-964.348999
17.750999,48.189999,-964.166016
17.445999,50.507999,-964.409973
18.666000,49.471001,-962.823975
18.605000,49.348999,-962.275024
18.361000,49.227001,-963.921997
20.129999,51.300999,-963.921997
19.153999,49.105000,-963.312012
18.666000,48.799999,-962.763000
18.483000,47.580002,-964.898010
18.177999,50.202999,-962.763000
20.618000,49.897999,-961.908997
19.093000,48.312000,-963.921997
19.275999,48.678001,-962.702026
18.239000,48.617001,-964.776001
18.177999,49.166000,-964.471008
19.702999,49.043999,-963.556030
17.568001,49.043999,-963.799988
20.374001,49.105000,-962.763000
16.591999,49.959000,-962.945984
18.726999,48.861000,-965.325012
18.666000,48.799999,-963.494995
17.690001,48.678001,-962.885010
18.239000,49.043999,-964.898010
17.995001,47.884998,-963.129028
18.299999,48.678001,-962.823975
19.275999,49.287998,-963.190002
18.544001,50.813000,-962.640991
18.422001,49.043999,-962.335999
17.080000,47.945999,-962.275024
18.666000,48.250999,-962.640991
17.995001,49.105000,-964.898010
19.093000,48.494999,-961.664978
17.445999,48.617001,-963.250977
18.056000,48.189999,-963.250977
17.629000,48.373001,-964.776001
17.812000,49.592999,-963.799988
19.275999,46.909000,-962.335999
17.812000,49.837002,-963.556030
18.422001,47.945999,-964.471008
18.849001,48.617001,-964.531982
17.568001,48.617001,-963.739014
18.605000,50.325001,-963.312012
16.958000,46.421001,-963.067993
18.544001,48.922001,-964.715027
19.337000,49.897999,-962.945984
17.323999,47.763000,-964.715027
18.361000,48.738998,-964.288025
16.104000,47.945999,-963.007019
17.385000,49.410000,-963.556030
18.056000,48.983002,-962.458008
17.629000,50.569000,-964.776001
19.642000,48.799999,-963.190002
17.629000,48.189999,-964.715027
18.544001,48.922001,-963.921997
19.764000,48.250999,-963.861023
17.629000,48.007000,-963.799988
17.629000,49.227001,-964.653992
17.934000,48.068001,-963.861023
18.605000,48.373001,-963.617004
19.032000,48.983002,-962.396973
19.398001,49.715000,-964.104980
19.702999,48.922001,-964.715027
17.872999,50.386002,-963.434021
17.872999,49.715000,-962.885010
17.812000,47.884998,-963.617004
18.849001,48.799999,-963.067993
18.422001,48.556000,-963.129028
18.117001,48.861000,-964.836975
18.910000,49.776001,-961.786987
19.032000,50.630001,-965.874023
17.080000,48.861000,-964.593018
16.958000,48.068001,-962.763000
17.934000,48.373001,-965.325012
17.263000,47.763000,-965.630005
17.812000,48.129002,-963.312012
19.764000,48.738998,-962.031006
19.215000,48.433998,-962.945984
19.032000,48.373001,-965.020020
18.788000,49.471001,-964.104980
18.299999,48.373001,-964.898010
18.117001,50.202999,-964.531982
18.117001,49.959000,-962.702026
18.177999,50.141998,-963.129028
19.398001,49.227001,-963.799988
18.177999,49.166000,-965.630005
17.934000,47.884998,-963.312012
17.568001,50.507999,-964.593018
17.507000,49.653999,-962.458008
17.872999,49.410000,-963.739014
17.568001,47.396999,-964.776001
18.239000,49.776001,-963.434021
19.093000,49.105000,-962.153015
17.872999,48.799999,-963.372986
17.690001,48.250999,-962.518982
18.605000,48.494999,-964.471008
16.958000,49.166000,-962.335999
18.483000,48.373001,-962.702026
17.812000,48.373001,-961.543030
18.726999,50.202999,-961.543030
18.544001,47.702000,-962.518982
18.666000,48.007000,-964.531982
18.361000,50.141998,-963.250977
19.032000,49.105000,-962.885010
17.812000,48.983002,-963.739014
19.825001,48.861000,-964.593018
18.544001,49.348999,-963.250977
18.422001,48.068001,-962.580017
18.177999,50.264000,-964.898010
18.056000,49.105000,-963.434021
19.520000,49.348999,-961.908997
18.056000,48.738998,-963.067993
19.032000,47.945999,-966.117981
18.361000,49.592999,-962.335999
18.788000,47.945999,-964.409973
18.483000,48.068001,-963.799988
19.580999,49.166000,-963.372986
18.422001,50.020000,-963.372986
17.812000,48.799999,-962.945984
18.177999,47.945999,-965.203003
18.239000,49.653999,-964.776001
18.483000,49.653999,-963.434021
18.361000,49.105000,-962.275024
17.323999,48.189999,-962.763000
19.093000,50.874001,-962.945984
17.934000,47.580002,-963.739014
17.080000,50.141998,-964.836975
17.507000,48.129002,-963.129028
18.605000,49.105000,-965.447021
18.239000,49.532001,-962.458008
19.215000,48.922001,-962.031006
18.117001,48.312000,-962.823975
18.605000,49.166000,-963.677979
19.580999,48.922001,-964.348999
19.764000,49.837002,-962.518982
16.775000,48.922001,-963.799988
18.056000,49.897999,-964.288025
19.093000,48.556000,-963.617004
17.507000,47.763000,-965.020020
18.849001,48.799999,-962.335999
18.117001,49.227001,-964.044006
19.275999,49.287998,-961.969971
18.544001,49.471001,-963.007019
