#pos 0
84.728996,1033.828003,63.623001
81.862000,1032.302979,62.952000
96.258003,1039.135010,70.882004
79.238998,1027.911011,66.124001
94.061996,1033.645020,63.257000
85.278000,1030.594971,65.391998
86.010002,1033.889038,62.890999
85.400002,1032.241943,64.781998
85.278000,1034.987061,64.416000
101.015999,1032.364014,52.703999
88.389000,1039.927979,67.099998
79.666000,1036.267944,70.638000
90.767998,1034.193970,52.338001
88.206001,1033.828003,65.269997
79.848999,1038.952026,71.003998
87.718002,1032.852051,52.521000
93.208000,1034.620972,58.255001
83.142998,1033.766968,67.344002
93.085999,1037.548950,67.649002
81.679001,1032.912964,63.195999
82.106003,1025.776001,64.233002
85.765999,1033.401001,59.719002
90.097000,1035.047974,64.233002
74.907997,1031.998047,55.144001
90.707001,1038.036987,61.549000
79.056000,1027.605957,72.651001
65.514000,1022.359985,42.272999
79.361000,1026.385986,50.020000
83.997002,1032.729980,70.333000
85.827003,1027.911011,55.570999
83.142998,1037.305054,63.439999
89.426003,1039.196045,75.274002
85.765999,1037.061035,65.636002
88.084000,1038.159058,62.769001
81.679001,1040.416016,69.112999
88.144997,1032.973999,59.719002
91.012001,1036.634033,67.587997
78.750999,1034.620972,65.148003
93.695999,1037.548950,59.230999
84.424004,1036.390015,69.357002
79.178001,1034.864990,65.148003
86.132004,1037.182983,56.303001
87.718002,1036.694946,64.660004
81.739998,1031.571045,65.086998
82.777000,1033.949951,58.987000
87.961998,1034.072021,63.318001
78.385002,1034.743042,62.220001
87.473999,1034.864990,58.011002
83.021004,1035.536011,68.685997
83.814003,1031.327026,58.925999
83.447998,1039.012939,64.111000
86.925003,1036.328979,67.161003
84.362999,1034.499023,55.814999
85.888000,1032.608032,60.146000
75.700996,1037.854004,62.036999
77.530998,1035.230957,66.856003
86.436996,1038.829956,64.416000
87.108002,1040.233032,62.890999
77.408997,1033.583984,62.220001
82.289001,1031.204956,62.830002
88.023003,1034.437988,60.146000
82.959999,1037.548950,72.711998
86.681000,1037.000000,60.328999
83.021004,1034.743042,65.819000
88.144997,1038.769043,65.209000
85.948997,1031.937012,58.194000
83.082001,1038.219971,61.243999
88.084000,1036.938965,66.612000
80.886002,1032.364014,61.366001
90.219002,1035.901978,60.756001
79.483002,1036.511963,60.756001
87.535004,1033.218018,57.645000
84.240997,1034.864990,69.052002
73.992996,1027.118042,63.623001
85.095001,1033.156982,56.058998
87.108002,1033.706055,58.865002
84.607002,1040.171997,64.050003
85.217003,1037.609985,63.134998
84.912003,1036.755981,60.207001
83.021004,1035.047974,58.987000
80.214996,1033.706055,64.050003
88.084000,1032.119995,53.436001
81.739998,1030.961060,50.569000
81.313004,1038.342041,72.346001
92.903000,1046.454956,64.111000
86.986000,1036.817017,62.341999
93.390999,1037.854004,64.416000
82.777000,1035.597046,64.964996
87.168999,1037.061035,59.902000
85.155998,1039.317993,68.990997
93.147003,1044.563965,70.272003
88.144997,1039.806030,64.903999
87.778999,1037.121948,60.512001
84.912003,1039.806030,62.464001
82.411003,1036.267944,64.598999
91.987999,1038.219971,59.963001
92.598000,1048.102051,63.013000
83.875000,1042.551025,68.259003
86.315002,1041.697021,60.328999
85.827003,1029.313965,56.486000
75.579002,1034.926025,61.122002
81.617996,1030.838989,51.179001
79.543999,1032.668945,56.730000
84.912003,1033.889038,62.341999
86.620003,1034.864990,59.414001
72.346001,1034.437988,56.486000
85.765999,1034.499023,59.841000
81.862000,1034.926025,61.854000
81.251999,1033.583984,60.817001
89.974998,1036.024048,55.083000
78.507004,1028.276978,58.376999
85.155998,1035.353027,64.538002
90.584999,1031.692993,55.144001
78.385002,1033.522949,62.525002
85.155998,1038.281006,65.879997
86.193001,1037.854004,60.756001
89.181999,1038.036987,62.036999
86.436996,1032.181030,56.181000
86.070999,1030.350952,56.058998
75.517998,1031.571045,64.111000
87.473999,1034.560059,55.205002
88.938004,1036.817017,67.587997
85.948997,1036.145996,60.938999
82.777000,1045.357056,72.651001
94.366997,1038.342041,62.341999
82.594002,1031.265991,55.205002
79.483002,1032.791016,63.867001
89.669998,1034.437988,59.414001
87.656998,1035.840942,63.928001
80.824997,1034.193970,61.549000
91.012001,1036.511963,55.693001
86.741997,1035.901978,58.132999
87.778999,1032.608032,59.474998
83.142998,1031.814941,58.743000
88.876999,1038.463989,61.426998
85.705002,1038.159058,64.355003
86.498001,1033.462036,56.424999
89.792000,1035.170044,62.159000
87.168999,1037.305054,63.988998
81.617996,1029.436035,58.316002
83.325996,1034.255005,59.841000
86.681000,1034.072021,59.658001
86.070999,1036.390015,60.389999
81.922997,1031.571045,55.083000
83.935997,1030.656006,57.766998
90.097000,1036.207031,62.890999
80.703003,1036.328979,65.636002
89.669998,1035.413940,59.169998
81.496002,1030.594971,61.549000
88.144997,1038.281006,60.877998
84.180000,1035.109009,60.084999
89.731003,1035.474976,59.597000
81.496002,1038.708008,69.540001
85.765999,1033.766968,60.451000
86.620003,1033.339966,55.998001
84.485001,1035.413940,64.171997
85.460999,1031.937012,54.046001
81.496002,1033.889038,56.608002
77.042999,1029.069946,59.353001
80.581001,1026.324951,51.362000
83.142998,1033.462036,57.889000
77.408997,1035.474976,60.817001
89.609001,1035.413940,60.512001
79.238998,1034.010986,61.305000
86.070999,1030.473022,59.841000
91.500000,1033.035034,55.144001
82.654999,1034.316040,61.731998
86.132004,1035.109009,60.695000
84.180000,1032.973999,57.522999
82.472000,1035.718994,62.525002
86.193001,1038.952026,64.111000
85.095001,1034.620972,57.096001
83.204002,1033.949951,61.061001
87.839996,1035.657959,62.769001
81.679001,1034.255005,59.048000
85.765999,1033.645020,59.474998
79.788002,1039.927979,70.150002
86.498001,1036.390015,50.691002
84.362999,1036.451050,57.706001
83.264999,1035.657959,61.731998
84.057999,1035.353027,60.146000
87.351997,1032.058960,54.716999
83.875000,1039.012939,68.807999
88.754997,1037.244019,56.242001
83.204002,1034.560059,63.257000
79.238998,1035.353027,58.743000
85.827003,1037.854004,63.013000
94.611000,1041.331055,74.664001
83.509003,1031.327026,56.912998
78.628998,1031.998047,51.728001
85.338997,1036.451050,62.036999
83.935997,1032.181030,55.509998
80.214996,1027.178955,55.875999
89.609001,1039.623047,67.771004
84.302002,1029.863037,53.618999
86.558998,1036.878052,63.379002
80.581001,1034.072021,62.646999
82.716003,1033.522949,54.290001
82.289001,1034.255005,61.854000
82.289001,1032.546997,55.570999
85.643997,1036.390015,61.915001
83.630997,1035.780029,61.061001
85.338997,1030.777954,57.645000
80.459000,1033.949951,60.573002
88.816002,1035.291992,62.220001
79.726997,1036.572998,61.915001
81.374001,1037.609985,64.476997
87.108002,1030.961060,53.618999
78.202003,1032.546997,60.451000
88.206001,1032.973999,54.900002
77.165001,1032.302979,59.474998
85.278000,1033.949951,55.875999
84.973000,1037.182983,62.341999
86.132004,1035.597046,63.439999
84.057999,1035.901978,58.376999
84.912003,1034.620972,60.328999
83.997002,1036.145996,58.255001
81.739998,1036.267944,58.925999
81.008003,1040.050049,66.672997
84.485001,1037.854004,60.573002
84.607002,1034.560059,55.327000
83.692001,1037.975952,57.522999
83.325996,1036.938965,60.633999
84.545998,1036.328979,58.560001
81.434998,1036.878052,60.328999
85.827003,1036.878052,61.182999
84.973000,1035.657959,60.268002
82.106003,1031.083008,58.438000
80.093002,1038.342041,67.282997
82.167000,1031.448975,40.504002
80.764000,1032.852051,61.731998
79.605003,1033.339966,60.756001
83.142998,1032.668945,56.303001
87.596001,1033.828003,61.792999
78.140999,1030.350952,58.071999
79.056000,1030.290039,54.960999
88.389000,1033.522949,56.547001
77.530998,1034.133057,64.233002
83.509003,1032.485962,51.30
81.251999,1035.353027,63.744999
82.959999,1039.012939,58.255001
86.132004,1034.864990,60.877998
78.323997,1034.255005,66.489998
80.153999,1031.692993,50.995998
84.912003,1038.281006,61.610001
81.374001,1032.729980,57.340000
80.153999,1032.425049,57.645000
82.716003,1034.133057,58.743000
85.155998,1035.474976,65.148003
85.948997,1035.170044,54.839001
87.718002,1034.072021,56.668999
79.421997,1035.413940,59.658001
81.008003,1033.583984,56.973999
85.705002,1033.462036,57.035000
82.472000,1037.915039,61.731998
80.459000,1038.646973,61.610001
88.389000,1038.646973,61.610001
79.300003,1035.474976,56.058998
84.424004,1036.511963,60.268002
81.069000,1039.196045,67.222000
84.180000,1034.133057,49.959000
84.790001,1034.803955,57.157001
77.592003,1037.244019,65.879997
84.850998,1034.499023,58.987000
86.986000,1035.170044,55.509998
75.029999,1035.780029,65.819000
87.778999,1034.803955,58.071999
85.888000,1037.609985,58.499001
77.530998,1038.646973,62.341999
87.108002,1036.390015,59.841000
82.716003,1033.889038,54.167999
76.737999,1035.170044,63.013000
80.886002,1034.010986,52.582001
78.933998,1033.339966,60.023998
78.995003,1035.901978,58.071999
83.021004,1036.267944,61.487999
84.119003,1035.047974,58.987000
77.348000,1034.072021,61.549000
85.400002,1039.439941,61.122002
82.472000,997.533020,56.303001
61.000000,1014.979004,32.757000
89.609001,1026.935059,65.879997
78.628998,1033.828003,55.083000
87.961998,1053.713989,78.202003
87.596001,1044.442017,65.514000
86.498001,1043.343994,62.890999
91.195000,1043.161011,60.023998
82.106003,1036.572998,65.086998
81.191002,1035.718994,59.474998
86.375999,1041.026001,60.146000
79.788002,1036.390015,60.938999
81.617996,1034.987061,55.814999
82.777000,1036.390015,57.401001
78.202003,1034.316040,58.255001
83.204002,1037.732056,62.159000
80.336998,1032.241943,54.290001
77.713997,1031.754028,54.290001
81.801003,1029.557983,55.327000
80.214996,1031.998047,57.706001
81.129997,1029.984985,54.411999
81.191002,1036.207031,57.096001
80.398003,1033.339966,60.573002
79.483002,1032.729980,52.338001
83.570000,1037.244019,57.950001
82.899002,1036.878052,58.681999
82.044998,1033.156982,57.827999
78.323997,1035.230957,58.987000
81.617996,1032.302979,51.972000
83.204002,1035.901978,58.132999
81.313004,1035.230957,56.058998
75.945000,1032.302979,55.754002
86.375999,1039.989014,66.001999
79.421997,1038.890991,64.233002
79.726997,1032.668945,55.449001
78.507004,1031.448975,56.730000
78.263000,1035.536011,60.146000
84.728996,1036.267944,55.388000
78.873001,1039.135010,60.695000
77.287003,1034.803955,56.119999
80.581001,1033.462036,54.534000
81.617996,1031.204956,55.875999
75.579002,1030.350952,55.144001
80.824997,1036.511963,60.695000
78.690002,1033.706055,60.633999
84.545998,1036.267944,56.058998
76.920998,1038.463989,63.500999
83.142998,1036.817017,48.617001
77.408997,1035.353027,59.353001
74.847000,1034.682007,60.207001
81.313004,1034.010986,49.227001
76.310997,1033.279053,57.706001
80.398003,1034.560059,58.804001
76.005997,1032.302979,55.998001
78.385002,1039.135010,66.124001
81.251999,1032.608032,56.486000
75.884003,1035.780029,58.011002
78.507004,1036.207031,57.340000
80.946999,1036.694946,56.181000
77.897003,1037.000000,62.769001
81.556999,1035.047974,55.509998
78.690002,1034.437988,56.424999
81.556999,1037.121948,62.646999
79.848999,1036.451050,61.426998
78.933998,1034.560059,56.058998
80.153999,1032.425049,53.192001
77.103996,1034.682007,64.903999
78.933998,1035.047974,57.401001
79.726997,1035.597046,53.618999
79.178001,1033.339966,60.573002
82.349998,1034.133057,54.655998
74.114998,1031.998047,63.134998
80.581001,1033.583984,58.194000
81.008003,1033.949951,56.547001
79.543999,1035.840942,60.268002
84.240997,1040.354980,57.217999
81.434998,1037.365967,54.716999
79.971001,1036.451050,59.414001
81.374001,1033.035034,55.814999
77.470001,1031.144043,54.106998
77.775002,1032.852051,57.889000
80.519997,1034.072021,56.912998
76.982002,1029.375000,51.910999
77.835999,1031.754028,58.1 
81.251999,1034.743042,56.424999
78.568001,1037.609985,63.134998
85.705002,1025.958984,42.821999
81.374001,1034.072021,59.048000
71.553001,1030.900024,51.849998
75.945000,1038.769043,67.344002
77.348000,1033.218018,60.512001
78.933998,1033.156982,55.814999
80.153999,1037.732056,71.125999
79.543999,1032.181030,52.887001
63.623001,1037.061035,66.612000
76.555000,1032.302979,57.706001
76.372002,1036.634033,53.985001
72.468002,1035.474976,59.109001
76.737999,1039.683960,57.462002
72.956001,1035.109009,54.839001
72.956001,1035.597046,57.217999
84.790001,1037.305054,52.764999
78.080002,1039.379028,57.827999
78.690002,1035.840942,57.401001
70.882004,1034.072021,46.421001
76.737999,1034.010986,51.544998
74.176003,1031.814941,52.398998
75.396004,1034.376953,53.008999
69.967003,1033.279053,55.814999
78.385002,1035.047974,54.655998
72.285004,1035.901978,53.862999
78.690002,1035.170044,56.973999
75.274002,1035.291992,55.205002
78.628998,1033.218018,56.181000
77.103996,1032.241943,55.814999
79.361000,1037.488037,59.597000
81.556999,1043.343994,55.449001
79.116997,1039.439941,53.618999
78.811996,1042.245972,61.976002
76.920998,1031.327026,50.569000
76.372002,1033.645020,53.070000
84.119003,1039.317993,56.486000
72.651001,1034.072021,53.741001
80.641998,1037.061035,50.874001
80.336998,1041.026001,60.512001
76.982002,1039.562012,54.595001
76.615997,1032.058960,51.423000
77.592003,1037.488037,54.411999
74.297997,1033.339966,50.507999
73.626999,1030.656006,53.192001
78.445999,1036.084961,50.020000
75.700996,1038.159058,61.549000
75.945000,1035.109009,58.376999
79.483002,1036.390015,52.764999
78.080002,1036.817017,55.570999
73.016998,1036.451050,52.521000
80.398003,1037.121948,54.473000
74.724998,1036.267944,52.887001
75.517998,1036.024048,55.449001
79.848999,1038.952026,50.325001
71.918999,1035.901978,57.706001
76.555000,1030.411987,51.544998
82.594002,1039.927979,50.935001
71.370003,1031.448975,48.312000
#pos1
-1027.484009,-7.991000,26.291000
-1027.605957,-8.418000,30.988001
-1028.886963,-9.028000,28.853001
-1028.399048,-8.113000,30.256001
-1028.093994,-8.479000,28.059999
-1028.276978,-7.259000,26.351999
-1028.886963,-2.745000,26.596001
-1029.863037,-6.893000,27.877001
-1025.837036,-7.747000,41.418999
-1026.081055,-7.442000,37.209999
-1028.582031,-9.028000,30.011999
-1027.666992,-8.784000,25.132000
-1028.399048,-7.930000,27.450001
-1027.728027,-6.771000,28.548000
-1028.459961,-8.723000,28.181999
-1029.069946,-7.808000,29.097000
-1026.385986,-6.893000,30.561001
-1028.459961,-8.235000,29.889999
-1028.276978,-6.527000,28.792000
-1027.484009,-7.259000,27.999001
-1027.362061,-8.052000,29.462999
-1028.093994,-5.734000,29.219000
-1027.057007,-7.259000,30.195000
-1027.301025,-5.917000,28.365000
-1027.178955,-7.381000,27.572001
-1027.972046,-7.747000,28.548000
-1027.788940,-6.649000,29.889999
-1028.582031,-8.784000,29.341000
-1028.582031,-8.479000,27.572001
-1028.642944,-8.052000,30.256001
-1028.947998,-7.747000,28.731001
-1028.886963,-5.734000,28.243000
-1028.338013,-8.296000,28.731001
-1028.642944,-8.418000,28.914000
-1028.155029,-7.076000,27.205999
-1027.605957,-10.065000,29.768000
-1027.118042,-7.625000,28.365000
-1027.422974,-7.137000,27.877001
-1026.568970,-7.564000,29.951000
-1026.691040,-6.893000,29.462999
-1027.728027,-8.113000,29.829000
-1028.338013,-7.747000,27.999001
-1028.459961,-9.516000,29.219000
-1028.642944,-6.649000,29.707001
-1028.520996,-7.930000,26.474001
-1027.545044,-7.747000,30.195000
-1026.812988,-6.893000,30.438999
-1027.484009,-6.893000,29.768000
-1028.399048,-9.089000,29.402000
-1025.897949,-7.808000,27.694000
-1028.765015,-7.015000,28.487000
-1027.178955,-6.954000,28.4870 
-1026.508057,-7.930000,29.462999
-1027.118042,-8.357000,29.524000
-1028.338013,-7.564000,28.608999
-1026.447021,-5.124000,28.365000
-1025.958984,-6.405000,30.865999
-1026.751953,-7.137000,29.524000
-1027.911011,-7.198000,29.462999
-1029.253052,-9.089000,26.351999
-1028.032959,-6.283000,29.829000
-1028.093994,-9.699000,28.059999
-1026.935059,-7.930000,28.121000
-1028.765015,-6.771000,31.049000
-1028.155029,-6.222000,28.670000
-1030.107056,-6.771000,29.524000
-1028.886963,-6.649000,27.999001
-1027.849976,-7.808000,29.402000
-1027.239990,-7.503000,26.291000
-1027.422974,-6.283000,30.011999
-1026.995972,-8.601000,28.670000
-1027.605957,-7.259000,29.097000
-1026.568970,-6.649000,29.219000
-1026.324951,-9.638000,26.778999
-1027.849976,-6.893000,29.097000
-1027.911011,-8.418000,29.524000
-1026.812988,-5.734000,31.232000
-1028.215942,-7.991000,25.681000
-1026.874023,-7.198000,29.341000
-1027.362061,-9.943000,27.389000
-1026.508057,-7.015000,31.415001
-1028.215942,-6.222000,26.718000
-1026.935059,-5.246000,26.230000
-1025.897949,-8.174000,27.938000
-1027.301025,-8.418000,29.524000
-1027.362061,-7.320000,29.524000
-1026.568970,-6.344000,25.924999
-1027.666992,-9.272000,29.219000
-1028.642944,-6.161000,29.402000
-1028.826050,-6.832000,27.999001
-1027.605957,-7.442000,28.548000
-1027.484009,-7.503000,26.291000
-1027.422974,-7.320000,26.413000
-1028.703979,-7.747000,26.657000
-1028.520996,-7.747000,28.853001
-1028.459961,-7.137000,27.877001
-1027.422974,-7.137000,29.158001
-1028.520996,-7.381000,27.999001
-1027.301025,-9.516000,27.938000
-1028.338013,-9.150000,28.243000
-1028.826050,-6.771000,27.084000
-1026.935059,-5.978000,28.731001
-1029.192017,-7.076000,28.487000
-1027.239990,-6.344000,27.511000
-1029.253052,-6.771000,29.768000
-1028.642944,-6.527000,28.181999
-1027.728027,-6.283000,29.889999
-1028.338013,-7.808000,28.608999
-1027.301025,-5.978000,27.327999
-1025.897949,-7.259000,28.548000
-1026.935059,-8.662000,27.632999
-1027.118042,-7.503000,28.670000
-1027.605957,-8.052000,27.938000
-1029.009033,-7.381000,28.853001
-1027.545044,-10.736000,28.426001
-1026.324951,-6.588000,28.059999
-1027.178955,-8.479000,28.608999
-1027.728027,-7.198000,27.877001
-1028.582031,-7.747000,27.999001
-1028.826050,-5.856000,28.121000
-1027.972046,-6.710000,29.402000
-1028.886963,-8.601000,27.816000
-1027.788940,-7.320000,30.561001
-1027.484009,-8.418000,28.059999
-1027.911011,-9.272000,29.462999
-1026.264038,-7.137000,27.389000
-1026.935059,-5.124000,26.962000
-1028.032959,-6.771000,29.768000
-1026.935059,-9.760000,25.681000
-1025.776001,-8.479000,29.462999
-1027.239990,-5.307000,23.973000
-1026.751953,-5.673000,24.278000
-1028.765015,-8.845000,21.837999
-1028.826050,-8.540000,24.521999
-1027.666992,-8.296000,23.546000
-1027.666992,-7.198000,21.899000
-1026.751953,-8.296000,23.851000
-1026.935059,-6.161000,23.546000
-1028.520996,-6.405000,24.948999
-1026.874023,-8.601000,25.132000
-1027.972046,-7.991000,25.315001
-1027.911011,-8.723000,25.375999
-1029.253052,-7.747000,23.973000
-1028.886963,-6.344000,23.973000
-1027.422974,-8.723000,26.169001
-1027.422974,-6.771000,25.375999
-1028.338013,-7.686000,23.973000
-1029.436035,-7.503000,21.899000
-1026.874023,-5.917000,23.790001
-1026.812988,-7.991000,23.424000
-1027.666992,-7.442000,24.521999
-1026.812988,-8.235000,23.363001
-1026.812988,-7.076000,24.521999
-1028.215942,-6.588000,23.363001
-1027.666992,-7.015000,23.729000
-1027.911011,-8.845000,22.386999
-1028.155029,-6.527000,23.180000
-1027.545044,-9.211000,24.400000
-1029.130981,-8.357000,25.681000
-1027.788940,-7.442000,25.315001
-1027.666992,-7.015000,25.437000
-1027.728027,-6.893000,25.497999
-1028.520996,-9.882000,24.034000
-1026.508057,-6.405000,25.254000
-1027.484009,-8.845000,25.132000
-1027.178955,-8.418000,25.864000
-1028.765015,-7.442000,24.278000
-1027.728027,-7.930000,23.973000
-1027.972046,-7.320000,23.973000
-1027.911011,-9.760000,25.193001
-1026.508057,-7.198000,23.851000
-1028.032959,-7.259000,23.912001
-1028.459961,-8.601000,23.302000
-1028.093994,-6.954000,24.583000
-1027.484009,-7.381000,24.9489 
-1028.642944,-7.503000,24.278000
-1028.093994,-9.455000,24.156000
-1027.605957,-7.564000,24.461000
-1026.812988,-6.649000,23.546000
-1029.009033,-8.052000,24.400000
-1028.093994,-8.418000,23.729000
-1026.630005,-6.710000,25.620001
-1027.239990,-8.296000,23.729000
-1027.118042,-7.503000,23.973000
-1027.666992,-7.015000,22.753000
-1028.459961,-9.272000,23.118999
-1028.155029,-8.418000,21.106001
-1028.032959,-8.540000,22.509001
-1027.545044,-9.028000,23.607000
-1027.422974,-7.503000,23.973000
-1027.239990,-6.771000,22.997000
-1027.301025,-5.856000,25.375999
-1026.995972,-6.283000,22.143000
-1027.972046,-8.845000,22.264999
-1027.911011,-7.503000,20.618000
-1027.972046,-6.710000,25.742001
-1026.691040,-7.503000,22.386999
-1026.812988,-6.100000,23.485001
-1029.313965,-7.076000,23.424000
-1028.582031,-6.710000,23.485001
-1028.459961,-5.002000,23.729000
-1027.728027,-6.954000,21.228001
-1029.619019,-8.052000,15.982000
-1027.239990,-6.954000,19.580999
-1029.130981,-7.442000,20.434999
-1027.118042,-6.771000,19.093000
-1027.057007,-6.771000,20.007999
-1026.995972,-5.002000,19.398001
-1026.691040,-7.869000,18.483000
-1027.301025,-6.832000,20.191000
-1025.593018,-7.625000,20.191000
-1028.459961,-7.747000,19.275999
-1027.301025,-8.357000,18.849001
-1027.484009,-7.686000,21.228001
-1028.155029,-8.540000,22.204000
-1025.776001,-8.662000,19.215000
-1028.032959,-6.283000,19.520000
-1027.118042,-7.869000,19.764000
-1026.691040,-7.137000,18.117001
-1028.276978,-7.442000,19.337000
-1027.422974,-8.235000,18.056000
-1028.093994,-7.076000,19.642000
-1026.324951,-7.015000,21.106001
-1027.239990,-7.808000,18.177999
-1029.313965,-6.649000,18.849001
-1027.666992,-7.259000,18.726999
-1027.788940,-5.917000,18.422001
-1026.385986,-7.869000,20.252001
-1027.605957,-7.320000,21.289000
-1026.324951,-8.662000,19.520000
-1027.057007,-7.930000,18.788000
-1027.911011,-9.028000,19.642000
-1026.874023,-6.893000,21.410999
-1026.568970,-5.673000,22.386999
-1026.630005,-6.405000,18.177999
-1028.093994,-7.076000,19.702999
-1028.093994,-5.734000,21.472000
-1028.032959,-8.601000,19.032000
-1026.935059,-7.076000,21.167000
-1027.666992,-6.954000,20.923000
-1025.776001,-6.161000,19.947001
-1027.484009,-7.198000,18.605000
-1028.338013,-6.832000,20.129999
-1027.605957,-6.222000,18.177999
-1026.691040,-6.222000,22.386999
-1026.691040,-7.930000,19.702999
-1026.568970,-8.418000,18.361000
-1027.666992,-7.320000,20.129999
-1027.605957,-5.795000,19.093000
-1027.118042,-6.710000,21.959999
-1027.545044,-8.723000,19.032000
-1028.155029,-6.405000,19.947001
-1026.874023,-8.418000,20.313000
-1027.911011,-7.625000,21.655001
-1028.215942,-7.442000,19.275999
-1028.399048,-7.869000,19.032000
-1027.849976,-7.137000,18.544001
-1026.568970,-9.333000,16.896999
-1027.666992,-8.296000,21.594000
-1025.287964,-6.893000,20.923000
-1026.203003,-8.418000,21.228001
-1025.104980,-7.198000,19.580999
-1025.227051,-7.808000,17.690001
-1027.605957,-6.893000,17.812000
-1027.118042,-10.553000,19.032000
-1028.886963,-9.150000,18.971001
-1026.203003,-6.283000,16.409000
-1027.666992,-6.954000,20.434999
-1027.362061,-8.235000,21.410999
-1026.630005,-8.601000,17.934000
-1027.178955,-8.296000,20.740000
-1027.057007,-5.307000,19.275999
-1028.093994,-6.405000,20.129999
-1027.545044,-6.283000,20.496000
-1027.788940,-6.588000,18.422001
-1025.714966,-5.673000,21.899000
-1028.399048,-7.198000,17.934000
-1026.447021,-7.747000,20.313000
-1028.826050,-7.442000,13.969000
-1027.666992,-5.124000,25.010000
-1027.422974,-7.930000,24.216999
-1027.118042,-7.686000,18.666000
-1029.130981,-6.344000,25.620001
-1027.666992,-7.320000,21.1670
-1029.436035,-8.052000,21.777000
-1026.447021,-8.235000,20.313000
-1028.032959,-7.198000,18.177999
-1027.484009,-7.259000,22.204000
-1027.666992,-6.649000,21.410999
-1027.849976,-9.211000,20.374001
-1026.568970,-7.930000,18.299999
-1027.911011,-6.161000,21.533001
-1026.141968,-7.564000,21.228001
-1028.826050,-7.259000,21.959999
-1026.995972,-6.710000,21.289000
-1027.178955,-6.405000,20.007999
-1027.788940,-7.869000,19.947001
-1028.276978,-7.503000,22.753000
-1028.093994,-6.344000,18.849001
-1026.995972,-6.344000,21.410999
-1028.276978,-6.588000,24.339001
-1027.849976,-7.686000,21.106001
-1028.093994,-7.076000,19.032000
-1027.484009,-7.137000,20.801001
-1026.751953,-6.710000,20.191000
-1027.362061,-6.344000,20.496000
-1028.459961,-9.821000,18.299999
-1028.032959,-7.015000,20.007999
-1027.484009,-9.272000,21.837999
-1027.422974,-6.954000,21.472000
-1026.874023,-6.649000,20.740000
-1028.399048,-5.063000,21.533001
-1027.911011,-8.235000,21.533001
-1027.118042,-6.832000,19.764000
-1026.264038,-7.808000,19.947001
-1025.410034,-8.235000,20.862000
-1028.582031,-8.418000,18.8490 
-1026.020020,-9.638000,20.252001
-1028.093994,-5.917000,20.618000
-1027.239990,-7.015000,21.167000
-1028.276978,-6.771000,20.983999
-1027.911011,-7.076000,21.289000
-1026.995972,-6.588000,22.448000
-1027.972046,-9.089000,21.655001
-1028.459961,-7.137000,21.289000
-1028.642944,-7.503000,21.167000
-1027.362061,-7.381000,18.971001
-1027.666992,-8.052000,20.923000
-1027.422974,-7.686000,21.777000
-1028.459961,-5.490000,22.021000
-1027.605957,-6.344000,22.997000
-1028.338013,-7.442000,21.106001
-1028.032959,-7.503000,18.971001
-1028.093994,-9.333000,20.374001
-1026.751953,-6.771000,20.313000
-1028.703979,-7.564000,17.812000
-1027.545044,-10.004000,20.923000
-1027.972046,-7.930000,22.691999
-1029.253052,-6.527000,20.618000
-1028.338013,-5.978000,21.777000
-1026.995972,-8.113000,22.264999
-1027.484009,-8.906000,24.034000
-1028.459961,-6.832000,20.679001
-1026.447021,-5.978000,20.801
-1026.691040,-7.564000,20.740000
-1027.728027,-8.296000,22.264999
-1027.788940,-9.028000,19.886000
-1027.545044,-7.991000,20.313000
-1027.849976,-9.577000,23.302000
-1026.508057,-6.954000,21.594000
-1026.630005,-7.320000,20.191000
-1028.093994,-6.039000,21.167000
-1026.141968,-8.235000,22.570000
-1028.215942,-6.832000,20.862000
-1029.557983,-7.686000,19.520000
-1028.399048,-6.588000,20.923000
-1027.057007,-6.283000,19.520000
-1028.399048,-7.259000,22.082001
-1027.728027,-6.771000,20.496000
-1028.582031,-8.967000,19.398001
-1026.691040,-7.808000,21.045000
-1027.484009,-9.028000,24.278000
-1027.118042,-7.137000,20.069000
-1027.484009,-6.344000,20.556999
-1026.264038,-8.052000,21.837999
-1025.958984,-7.442000,23.180000
-1026.264038,-8.113000,21.716000
-1027.605957,-7.076000,21.410999
-1027.545044,-5.429000,20.556999
-1027.972046,-7.564000,24.521999
-1026.508057,-6.222000,20.434999
-1028.032959,-7.381000,20.923000
-1026.385986,-7.076000,21.410999
-1027.666992,-7.198000,21.959999
-1026.508057,-8.479000,19.337000
-1026.264038,-6.344000,19.520000
-1027.118042,-7.686000,22.326000
-1029.009033,-7.137000,22.509 
-1025.714966,-6.710000,22.936001
-1026.447021,-5.673000,21.410999
-1027.545044,-7.320000,21.899000
-1027.239990,-7.747000,20.374001
-1026.324951,-6.710000,24.461000
-1028.399048,-7.198000,19.764000
-1027.422974,-7.015000,22.264999
-1025.897949,-6.100000,20.740000
-1027.057007,-8.784000,19.886000
-1026.630005,-5.307000,21.837999
-1026.568970,-8.174000,21.289000
-1025.958984,-7.991000,21.106001
-1027.788940,-9.150000,23.485001
-1027.666992,-8.479000,22.326000
-1027.545044,-5.368000,22.204000
-1029.436035,-8.174000,23.118999
-1027.118042,-6.100000,20.191000
-1026.995972,-6.588000,20.923000
-1027.728027,-7.076000,23.912001
-1027.849976,-6.405000,20.983999
-1028.826050,-7.137000,22.875000
-1027.972046,-9.211000,21.959999
-1028.155029,-8.052000,20.434999
-1027.301025,-7.625000,22.264999
-1027.911011,-8.296000,23.424000
-1028.826050,-6.954000,21.899000
-1028.093994,-7.320000,20.801001
-1026.691040,-8.113000,21.106001
-1027.422974,-8.174000,20.983999
-1027.422974,-7.625000,20.862000
-1028.765015,-5.551000,19.886000
-1026.203003,-8.235000,27.877001
-1028.215942,-7.869000,23.607000
-1027.239990,-7.320000,25.132000
-1028.155029,-8.479000,22.813999
-1026.141968,-6.527000,28.853001
-1027.666992,-7.808000,25.437000
-1027.422974,-8.784000,23.912001
-1028.886963,-8.540000,23.851000
-1027.301025,-7.503000,24.827000
-1026.568970,-8.784000,25.742001
-1027.605957,-8.235000,25.315001
-1026.751953,-6.954000,23.973000
-1027.849976,-7.320000,24.643999
-1026.874023,-8.235000,24.583000
-1026.264038,-8.052000,25.620001
-1028.215942,-6.771000,24.400000
-1028.947998,-6.954000,26.047001
-1027.545044,-8.540000,24.705000
-1027.422974,-7.930000,25.070999
-1028.276978,-7.930000,23.546000
-1027.239990,-8.296000,23.973000
-1027.118042,-9.333000,24.216999
-1027.178955,-8.113000,24.339001
-1027.605957,-7.198000,23.667999
-1027.057007,-7.198000,26.047001
-1028.399048,-7.442000,26.047001
-1027.666992,-7.137000,24.948999
-1025.227051,-10.126000,25.193001
-1026.812988,-7.991000,22.936001
-1028.215942,-9.211000,26.474001
-1025.714966,-7.198000,21.228001
-1026.203003,-6.527000,23.485001
-1028.215942,-7.686000,25.620001
-1028.582031,-6.344000,27.632999
-1028.215942,-10.431000,25.132000
-1028.459961,-7.747000,25.802999
-1028.032959,-6.649000,25.986000
-1026.935059,-6.222000,22.570000
-1027.728027,-7.076000,25.681000
-1028.032959,-8.418000,24.948999
-1029.436035,-6.893000,24.766001
-1027.484009,-9.150000,23.790 
-1028.215942,-6.344000,26.169001
-1027.911011,-8.418000,24.400000
-1027.911011,-5.734000,25.254000
-1026.324951,-9.821000,25.070999
-1027.422974,-7.320000,26.108000
-1026.691040,-8.052000,24.888000
-1029.557983,-7.747000,23.729000
-1029.009033,-6.832000,25.559000
-1027.728027,-8.052000,26.657000
-1027.605957,-6.954000,23.546000
-1026.508057,-6.466000,23.851000
-1027.972046,-6.100000,24.888000
#pos 2
1034.926025,10.187000,-59.841000
1039.623047,14.640000,-44.834999
1037.975952,4.941000,-68.502998
1040.964966,13.969000,-37.209999
1040.233032,6.588000,-73.139000
1035.474976,18.177999,-52.033001
1034.010986,17.872999,-56.363998
1044.259033,4.148000,-68.564003
1030.107056,20.862000,-48.129002
1038.769043,5.368000,-63.318001
1040.293945,11.956000,-50.264000
1044.686035,11.346000,-66.977997
1032.302979,3.721000,-44.408001
1044.319946,18.361000,-58.620998
1039.439941,14.762000,-63.744999
1038.402954,14.213000,-66.489998
1037.792969,17.995001,-52.094002
1040.171997,5.734000,-67.587997
1037.915039,19.032000,-51.118000
1030.900024,15.311000,-60.451000
1040.233032,8.479000,-59.048000
1033.766968,16.958000,-57.157001
1018.028992,6.466000,-58.255001
1040.050049,13.786000,-52.582001
1041.331055,11.041000,-68.075996
1034.926025,17.872999,-53.192001
1052.005981,25.802999,-63.988998
1046.271973,13.664000,-57.584000
1035.840942,13.603000,-58.438000
1038.219971,9.394000,-57.157001
1036.390015,14.579000,-54.290001
1026.995972,20.496000,-59.719002
1049.505005,-4.758000,-62.464001
1041.331055,7.198000,-54.534000
1032.729980,11.956000,-55.754002
1031.448975,19.275999,-61.243999
1040.660034,10.919000,-58.987000
1039.806030,10.065000,-58.804001
1038.463989,18.239000,-66.794998
1049.810059,14.701000,-61.731998
1031.998047,13.420000,-53.436001
1040.416016,14.213000,-62.585999
1038.036987,11.346000,-53.801998
1030.473022,20.252001,-56.119999
1034.316040,13.176000,-45.688999
1042.489990,8.906000,-46.786999
1047.369995,13.664000,-51.362000
1034.316040,14.884000,-67.892998
1037.000000,12.749000,-48.250999
1037.305054,5.185000,-61.976002
1039.135010,12.017000,-47.945999
1038.646973,1.403000,-56.303001
1035.413940,7.808000,-42.761002
1038.586060,10.736000,-53.985001
1040.660034,4.148000,-53.618999
1027.605957,6.344000,-50.325001
1047.369995,7.991000,-60.207001
1019.737000,12.322000,-50.751999
1044.686035,15.677000,-55.509998
1041.391968,5.429000,-62.769001
1033.706055,12.627000,-53.985001
1047.248047,6.832000,-49.959000
1028.703979,8.235000,-63.500999
1040.781982,16.653000,-40.015999
1031.814941,5.734000,-63.988998
1038.708008,6.588000,-47.091999
1038.708008,19.032000,-67.587997
1044.503052,10.492000,-58.255001
1037.305054,15.982000,-73.504997
1037.427002,16.469999,-48.799999
1040.720947,14.030000,-53.680000
1029.740967,9.577000,-57.401001
1035.840942,2.867000,-64.355003
1036.207031,12.993000,-52.094002
1038.402954,3.721000,-67.587997
1036.390015,3.538000,-53.557999
1034.864990,3.294000,-70.028000
1038.281006,8.723000,-55.570999
1032.973999,2.013000,-55.021999
1036.572998,1.769000,-62.464001
1034.864990,19.398001,-55.327000
1044.807983,2.745000,-69.174004
1030.594971,8.906000,-53.436001
1044.136963,6.283000,-63.257000
1035.536011,12.749000,-61.915001
1038.829956,7.869000,-56.303001
1032.852051,14.823000,-67.709999
1037.244019,17.507000,-58.376999
1035.597046,9.821000,-75.822998
1034.010986,14.030000,-62.280998
1043.099976,8.967000,-57.645000
1034.010986,10.248000,-67.954002
1042.001953,8.052000,-54.290001
1039.439941,-0.915000,-65.026001
1034.926025,11.346000,-53.618999
1039.744995,5.246000,-71.370003
1035.170044,7.259000,-60.756001
1035.353027,8.357000,-53.436001
1034.437988,10.187000,-72.528999
1036.755981,14.518000,-51.362000
1035.657959,16.896999,-55.998001
1035.230957,14.762000,-53.008999
1038.219971,2.745000,-65.514000
1032.364014,14.091000,-55.937000
1043.892944,8.357000,-69.112999
1041.208984,8.357000,-58.865002
1033.401001,4.941000,-67.039001
1031.571045,15.067000,-61.610001
1037.182983,13.115000,-58.865002
1032.425049,5.429000,-57.584000
1040.110962,6.405000,-55.632000
1033.706055,10.126000,-63.562000
1038.525024,13.542000,-57.035000
1039.806030,9.882000,-59.902000
1044.319946,3.172000,-66.001999
1032.241943,10.797000,-53.313999
1035.901978,12.810000,-67.527000
1042.916992,9.089000,-51.240002
1037.854004,6.100000,-66.977997
1030.350952,21.167000,-46.604000
1041.331055,2.074000,-69.295998
1033.522949,11.102000,-45.262001
1033.583984,7.991000,-60.938999
1032.973999,2.989000,-70.393997
1039.683960,10.614000,-47.884998
1037.975952,4.148000,-67.954002
1043.161011,6.344000,-55.509998
1030.473022,16.104000,-49.410000
1039.012939,16.469999,-64.416000
1037.975952,7.442000,-65.453003
1037.671021,4.514000,-66.856003
1036.390015,9.821000,-67.099998
1033.583984,10.309000,-66.367996
1034.987061,4.087000,-57.157001
1033.583984,2.318000,-69.174004
1029.619019,15.311000,-67.527000
1040.416016,-2.623000,-66.001999
1032.668945,9.333000,-51.240002
1031.875977,5.734000,-62.159000
1038.281006,4.331000,-64.171997
1036.267944,2.806000,-66.672997
1035.353027,8.479000,-66.246002
1042.916992,2.989000,-56.363998
1034.926025,6.710000,-66.124001
1035.840942,5.673000,-62.769001
1040.660034,5.124000,-57.035000
1027.545044,12.810000,-64.476997
1041.880005,7.625000,-61.122002
1036.084961,1.342000,-71.491997
1031.083008,14.823000,-58.620998
1036.390015,3.050000,-64.111000
1039.256958,7.808000,-65.696999
1038.402954,6.649000,-63.439999
1032.181030,4.697000,-66.489998
1031.510010,9.211000,-60.084999
1034.316040,4.758000,-52.459999
1029.069946,13.847000,-70.943001
1029.740967,7.625000,-69.052002
1032.485962,1.342000,-62.341999
1045.173950,6.771000,-59.597000
1040.477051,6.100000,-65.758003
1036.755981,15.311000,-57.340000
1041.391968,5.612000,-57.462002
1027.849976,6.344000,-63.500999
1037.854004,11.529000,-52.033001
1029.009033,-2.196000,-71.065002
1035.474976,7.259000,-64.171997
1040.660034,1.525000,-62.280998
1030.838989,9.943000,-63.195999
1037.427002,7.625000,-60.512001
1037.061035,3.904000,-70.638000
1042.489990,4.758000,-58.865002
1035.230957,11.468000,-48.007000
1034.316040,5.795000,-74.359001
1041.208984,12.200000,-52.398998
1030.717041,-5.612000,-70.820999
1040.110962,12.566000,-53.436001
1034.987061,5.124000,-63.134998
1036.024048,7.930000,-56.547001
1034.620972,6.893000,-57.096001
1037.975952,0.915000,-58.925999
1042.916992,8.601000,-46.909000
1032.729980,5.185000,-65.391998
1038.463989,8.418000,-40.443001
1035.657959,7.259000,-72.894997
1039.500977,18.117001,-46.237999
1033.889038,2.928000,-66.184998
1039.562012,8.540000,-54.167999
1044.563965,5.063000,-60.512001
1029.680054,10.187000,-52.826000
1040.598999,0.427000,-61.426998
1028.215942,10.980000,-44.164001
1037.427002,8.113000,-70.150002
1034.193970,8.906000,-55.937000
1034.682007,7.259000,-55.327000
1038.525024,-0.183000,-71.431000
1037.548950,14.701000,-45.445000
1031.875977,11.102000,-68.320000
1028.703979,15.311000,-44.652000
1045.661987,7.869000,-49.897999
1043.161011,6.100000,-66.306999
1029.923950,11.407000,-58.620998
1036.207031,10.736000,-50.202999
1041.941040,-5.917000,-72.406998
1037.182983,12.139000,-39.345001
1041.026001,-3.904000,-65.879997
1036.084961,13.908000,-56.181000
1039.379028,10.736000,-63.562000
1041.270020,2.867000,-67.709999
1052.677002,7.747000,-49.837002
1029.009033,-2.623000,-51.972000
1039.256958,11.712000,-56.912998
1038.281006,4.270000,-64.964996
1035.047974,7.564000,-56.486000
1042.368042,3.660000,-44.469002
1033.949951,4.880000,-64.233002
1038.829956,10.675000,-69.723000
1039.623047,7.198000,-59.902000
1029.192017,8.662000,-67.344002
1041.147949,11.773000,-46.848000
1036.572998,-6.466000,-75.762001
1057.862061,20.801001,-47.945999
1037.365967,10.187000,-65.269997
1034.133057,5.551000,-63.623001
1033.522949,6.100000,-60.146000
1038.952026,-0.244000,-63.562000
1025.104980,6.588000,-58.560001
1037.305054,8.357000,-58.620998
1045.723022,4.087000,-72.773003
1034.987061,7.991000,-55.875999
1031.937012,0.793000,-65.819000
1038.159058,6.771000,-52.582001
1031.571045,-2.013000,-73.261002
1039.806030,12.383000,-43.859001
1034.864990,-3.843000,-64.843002
1035.230957,3.660000,-70.088997
1039.256958,-6.893000,-60.328999
1036.878052,-2.257000,-60.938999
1039.623047,1.342000,-63.500999
1025.410034,11.590000,-59.353001
1046.577026,6.954000,-49.471001
1034.010986,-6.588000,-85.583000
1040.598999,16.287001,-42.516998
1029.313965,7.259000,-79.238998
1042.062988,3.599000,-71.308998
1040.964966,7.625000,-58.011002
1033.462036,1.220000,-71.736000
1040.050049,4.575000,-63.867001
1033.035034,5.490000,-58.316002
1030.046021,15.250000,-70.820999
1041.331055,-2.074000,-72.834000
1027.484009,2.684000,-66.551003
1061.461060,-19.642000,-65.696999
1025.348999,12.749000,-29.584999
1042.672974,-6.100000,-70.210999
1035.536011,-0.915000,-61.061001
1039.439941,6.588000,-67.832001
1029.253052,0.427000,-67.039001
1028.642944,0.427000,-71.370003
1043.099976,-2.379000,-63.806000
1031.631958,7.320000,-65.148003
1050.603027,-5.795000,-66.917000
1034.620972,3.843000,-69.662003
1041.818970,4.331000,-69.478996
1036.878052,2.074000,-60.512001
1030.167969,-1.647000,-60.512001
1046.271973,-5.978000,-68.075996
1023.945984,3.111000,-56.852001
1034.193970,0.427000,-53.557999
1027.972046,7.137000,-68.625000
1045.113037,-2.623000,-60.023998
1029.863037,-0.976000,-64.111000
1033.583984,0.854000,-59.353001
1027.178955,5.795000,-57.522999
1048.956055,-6.283000,-68.564003
1033.706055,6.649000,-63.988998
1046.760010,5.002000,-72.956001
1026.874023,-1.464000,-53.862999
1042.672974,-1.159000,-58.560001
1034.010986,-0.915000,-73.809998
1045.967041,6.649000,-70.272003
1024.983032,22.082001,-51.300999
1045.113037,-14.396000,-80.093002
1033.583984,2.318000,-53.070000
1034.499023,-6.161000,-70.943001
1036.328979,9.516000,-49.410000
1039.379028,-5.856000,-67.344002
1031.021973,7.503000,-44.652000
1041.026001,-3.599000,-73.139000
1033.401001,10.797000,-58.499001
1037.792969,-1.525000,-72.894997
1025.348999,10.309000,-64.355003
1043.709961,8.418000,-41.174999
1042.001953,-8.540000,-98.637001
1044.136963,9.699000,-45.078999
1018.333984,13.908000,-47.091999
1056.764038,-6.893000,-82.532997
1026.264038,9.394000,-68.137001
1045.844971,3.965000,-47.275002
1030.473022,0.732000,-78.690002
1034.926025,12.810000,-57.827999
1033.401001,9.699000,-48.068001
1038.525024,-0.610000,-81.251999
1036.817017,5.307000,-56.181000
1032.181030,6.405000,-48.861000
1044.686035,-7.259000,-73.321999
1030.838989,5.063000,-50.202999
1033.339966,-0.427000,-55.509998
1041.635986,-0.976000,-60.268002
1029.253052,5.063000,-57.278999
1045.234985,-1.220000,-69.967003
1037.548950,5.551000,-61.792999
1035.230957,1.098000,-59.902000
1037.854004,2.013000,-55.509998
1031.144043,7.869000,-53.680000
1031.571045,7.320000,-59.109001
1035.780029,-0.183000,-71.858002
1042.551025,0.549000,-53.801998
1030.290039,7.564000,-63.988998
1036.328979,2.257000,-60.695000
1023.275024,14.030000,-59.779999
1044.442017,-5.002000,-40.931000
1026.995972,-0.305000,-74.054001
1048.102051,6.283000,-56.303001
1028.826050,2.623000,-65.453003
1040.416016,5.551000,-49.532001
1032.973999,-0.122000,-61.426998
1036.938965,13.298000,-67.039001
1046.333008,8.296000,-63.134998
1034.560059,-16.714001,-68.197998
1034.072021,5.368000,-48.983002
1035.230957,5.673000,-62.464001
1036.328979,-6.161000,-54.534000
1033.218018,-4.331000,-67.404999
1037.915039,6.893000,-48.861000
1037.244019,-5.307000,-71.186996
1031.631958,8.052000,-49.959000
1039.256958,2.928000,-73.139000
1046.088989,4.270000,-72.956001
1029.680054,-3.172000,-61.487999
1038.586060,-2.318000,-55.265999
1035.291992,-5.551000,-55.754002
1023.031006,15.128000,-53.801998
1035.780029,21.716000,-101.198997
1038.769043,-1.769000,-81.556999
1030.107056,4.514000,-40.138000
1044.746948,-13.603000,-74.724998
1041.635986,18.361000,-54.778000
1038.159058,-3.233000,-66.429001
1032.912964,4.148000,-54.411999
1042.916992,3.355000,-61.061001
1026.874023,0.610000,-61.305000
1040.904053,9.882000,-52.338001
1037.000000,6.283000,-69.600998
1042.612061,2.379000,-54.716999
1032.119995,0.244000,-61.487999
1035.474976,4.697000,-45.872002
1033.645020,-2.928000,-74.237000
1042.978027,12.505000,-38.612999
1039.866943,-2.928000,-70.882004
1032.668945,8.235000,-53.375000
1031.510010,4.636000,-54.167999
1051.151978,-4.575000,-62.890999
1028.093994,2.623000,-54.534000
1033.156982,0.366000,-48.922001
1043.953979,1.098000,-59.597000
1034.010986,-4.148000,-68.930000
1029.436035,3.111000,-64.721001
1036.511963,4.209000,-55.632000
1037.548950,-3.904000,-62.830002
1039.806030,3.965000,-51.056999
1042.795044,-2.440000,-55.388000
1033.339966,-2.989000,-63.562000
1039.317993,4.270000,-41.602001
1035.718994,-4.087000,-56.912998
1035.840942,-1.464000,-53.557999
1036.572998,1.403000,-54.778000
1041.331055,-4.697000,-49.043999
1033.218018,-4.636000,-61.731998
1038.708008,9.028000,-36.966000
1030.107056,1.525000,-56.912998
1039.256958,-2.928000,-40.077000
1036.817017,1.342000,-61.426998
1042.978027,4.514000,-47.519001
1033.706055,-8.357000,-58.560001
1033.279053,3.294000,-33.062000
1048.529053,-3.111000,-51.849998
1034.499023,5.734000,-49.348999
1043.222046,3.721000,-42.821999
1032.791016,4.819000,-50.569000
1044.319946,0.061000,-47.214001
1036.024048,4.575000,-40.931000
1043.405029,-5.368000,-49.897999
1019.797974,4.636000,-50.446999
1049.749023,-0.427000,-37.271000
1026.020020,4.026000,-47.763000
1021.994019,9.577000,-41.662998
1034.743042,4.819000,-58.438000
1043.099976,-2.501000,-29.219000
1025.654053,-6.893000,-65.086998
1054.019043,-1.891000,-34.587002
1021.322998,3.416000,-48.007000
1045.357056,-1.891000,-40.625999
1036.694946,4.453000,-45.750000
1038.829956,1.220000,-48.861000
1030.777954,3.782000,-52.582001
1049.383057,0.061000,-52.459999
1030.046021,0.610000,-50.325001
1039.317993,-0.793000,-47.580002
1031.571045,5.490000,-47.519001
1043.222046,-1.647000,-49.897999
1039.806030,-1.037000,-50.264000
1029.192017,7.808000,-33.549999
1059.996948,-11.163000,-52.033001
1030.656006,2.806000,-52.521000
1039.500977,2.074000,-38.856998
1034.499023,-1.342000,-50.020000
1041.941040,9.394000,-47.275002
1036.755981,-1.403000,-61.061001
1044.319946,1.037000,-47.396999
1029.619019,2.196000,-49.348999
1036.511963,0.976000,-45.627998
1041.880005,-3.782000,-50.325001
1033.339966,-2.623000,-54.778000
1034.376953,-0.122000,-48.922001
1037.427002,-9.333000,-39.284000
1034.987061,-3.416000,-55.998001
1048.589966,-9.211000,-63.195999
1047.308960,-6.710000,-55.327000
1036.390015,3.721000,-53.192001
1036.024048,-0.244000,-43.493000
1036.634033,-6.771000,-67.466003
1037.548950,5.978000,-43.249001
1033.522949,-7.503000,-38.856998
1033.156982,-7.198000,-61.671001
1042.428955,1.708000,-39.955002
1030.046021,-5.429000,-43.798000
1041.574951,-10.553000,-55.754002
1036.145996,6.283000,-36.355999
1041.026001,-13.298000,-55.937000
1032.668945,1.647000,-38.491001
1040.781982,2.623000,-51.484001
1038.219971,-0.854000,-54.778000
1037.671021,-3.294000,-50.386002
1033.949951,6.710000,-49.287998
1045.967041,-4.514000,-66.917000
1030.473022,6.832000,-36.050999
1040.781982,-13.969000,-54.716999
1037.121948,-1.464000,-45.445000
1034.864990,-0.305000,-36.050999
1033.522949,2.013000,-41.053001
1045.173950,-8.967000,-43.859001
1029.984985,-0.915000,-60.207001
1043.770996,6.039000,-30.988001
1037.915039,-8.845000,-60.877998
1031.937012,0.854000,-36.050999
1032.425049,0.915000,-36.112000
1046.515991,-5.490000,-57.035000
#pos 3
35.868000,-1049.505005,95.769997
35.990002,-1046.394043,95.281998
36.173000,-1047.918945,95.221001
36.417000,-1048.529053,95.709000
35.868000,-1046.760010,94.306000
36.173000,-1047.614014,94.000999
35.257999,-1048.102051,94.671997
35.685001,-1049.749023,93.878998
35.196999,-1047.552979,93.147003
35.014000,-1047.308960,96.441002
36.539001,-1047.125977,93.390999
34.098999,-1047.552979,95.831001
35.014000,-1050.053955,95.098999
35.501999,-1047.552979,93.940002
34.952999,-1047.979980,97.417000
37.393002,-1049.199951,94.000999
35.990002,-1047.796997,92.903000
35.075001,-1046.454956,94.488998
36.355999,-1047.125977,94.488998
34.587002,-1047.979980,94.061996
36.417000,-1047.431030,90.707001
34.037998,-1049.260986,93.757004
35.196999,-1048.712036,92.658997
36.294998,-1048.712036,94.611000
35.075001,-1047.918945,91.622002
38.125000,-1047.979980,92.658997
35.380001,-1047.552979,94.428001
35.624001,-1046.881958,93.635002
35.563000,-1047.125977,93.025002
35.929001,-1046.881958,93.878998
36.660999,-1048.529053,95.343002
35.624001,-1049.078003,93.878998
36.660999,-1047.064941,97.844002
35.014000,-1048.223999,97.782997
35.990002,-1048.651001,93.025002
35.501999,-1048.772949,95.038002
34.952999,-1047.918945,96.989998
35.501999,-1047.308960,94.488998
35.929001,-1047.187012,93.208000
34.831001,-1048.772949,91.865997
35.196999,-1049.505005,91.622002
37.148998,-1048.589966,91.439003
35.350199,-1048.651001,93.573997
34.160000,-1047.675049,95.831001
35.196999,-1047.858032,96.501999
35.624001,-1048.162964,95.464996
35.929001,-1047.187012,95.526001
35.563000,-1047.979980,93.085999
35.501999,-1049.078003,93.573997
35.563000,-1047.125977,92.720001
35.501999,-1050.053955,93.330002
36.417000,-1046.942993,90.584999
36.112000,-1046.698975,94.123001
35.745998,-1047.675049,89.364998
37.027000,-1049.322021,90.950996
35.929001,-1048.223999,90.889999
36.599998,-1046.333008,91.072998
36.966000,-1049.078003,93.940002
36.539001,-1048.162964,93.330002
36.599998,-1046.150024,92.658997
35.685001,-1048.833984,94.793999
36.844002,-1047.675049,90.767998
36.294998,-1048.468018,94.061996
34.831001,-1047.004028,89.487000
35.257999,-1047.064941,92.353996
35.441002,-1048.956055,95.709000
35.563000,-1046.942993,93.573997
35.990002,-1047.308960,93.025002
35.014000,-1047.064941,93.085999
37.088001,-1047.735962,93.818001
35.990002,-1046.760010,92.170998
34.770000,-1050.176025,95.343002
35.380001,-1046.394043,93.390999
38.186001,-1048.468018,92.232002
36.173000,-1047.125977,89.852997
34.465000,-1047.248047,92.963997
35.563000,-1048.712036,92.049004
34.647999,-1047.369995,93.208000
36.294998,-1047.308960,92.475998
35.929001,-1047.675049,92.720001
38.063999,-1048.468018,89.609001
35.868000,-1048.406982,91.195000
35.014000,-1047.552979,93.208000
35.380001,-1048.651001,90.341003
36.112000,-1048.833984,92.537003
34.709000,-1048.772949,91.744003
34.647999,-1049.139038,92.475998
36.904999,-1049.322021,91.622002
37.148998,-1049.566040,89.059998
36.173000,-1049.078003,91.195000
37.209999,-1047.369995,90.584999
37.027000,-1048.285034,89.609001
35.624001,-1047.004028,90.402000
35.929001,-1047.248047,88.633003
36.783001,-1048.956055,89.852997
35.624001,-1049.443970,92.475998
37.027000,-1050.359009,89.914001
35.806999,-1049.870972,91.134003
37.576000,-1049.566040,89.059998
35.257999,-1049.566040,92.049004
35.501999,-1045.234985,87.535004
36.112000,-1048.345947,91.805000
36.050999,-1049.443970,90.524002
36.234001,-1048.285034,89.547997
36.234001,-1048.223999,91.134003
36.173000,-1048.406982,89.487000
37.148998,-1048.345947,90.950996
35.929001,-1047.491943,89.364998
35.806999,-1048.651001,90.097000
36.783001,-1047.308960,89.364998
37.148998,-1048.406982,91.927002
36.844002,-1046.698975,91.255997
38.063999,-1049.199951,88.449997
36.599998,-1049.626953,90.950996
36.355999,-1049.687988,90.950996
37.027000,-1048.956055,89.121002
36.478001,-1049.260986,89.426003
35.441002,-1049.626953,91.560997
38.430000,-1044.807983,90.707001
34.098999,-1046.211060,92.475998
36.355999,-1046.698975,94.611000
37.637001,-1048.589966,88.511002
36.417000,-1048.406982,89.974998
36.722000,-1050.359009,93.330002
35.136002,-1048.041016,93.330002
36.722000,-1047.858032,88.938004
35.685001,-1049.322021,91.865997
37.209999,-1047.064941,91.072998
36.355999,-1048.651001,90.524002
35.685001,-1049.383057,87.839996
38.247002,-1049.687988,90.097000
35.745998,-1048.651001,90.950996
36.722000,-1049.199951,90.036003
36.904999,-1048.529053,91.195000
37.148998,-1047.308960,89.974998
33.977001,-1049.016968,92.292999
36.783001,-1047.796997,90.402000
34.770000,-1048.468018,86.681000
36.112000,-1047.918945,90.036003
36.478001,-1046.454956,90.524002
35.136002,-1048.223999,89.487000
37.453999,-1047.614014,89.792000
36.904999,-1048.589966,92.963997
36.050999,-1048.895020,87.473999
35.014000,-1048.956055,92.049004
36.722000,-1047.431030,88.816002
35.868000,-1049.443970,91.927002
36.539001,-1045.967041,89.669998
37.453999,-1049.749023,88.328003
36.599998,-1048.102051,89.059998
35.868000,-1049.322021,89.669998
37.820000,-1047.552979,88.449997
36.722000,-1048.772949,90.097000
36.539001,-1047.308960,89.974998
36.112000,-1047.491943,90.950996
37.393002,-1049.870972,88.449997
36.966000,-1048.651001,90.157997
35.257999,-1048.589966,87.901001
36.478001,-1047.796997,89.181999
35.806999,-1048.651001,88.938004
36.844002,-1049.078003,90.279999
37.027000,-1047.004028,89.364998
35.745998,-1047.614014,91.317001
36.844002,-1048.468018,88.206001
36.539001,-1046.577026,89.731003
36.294998,-1048.102051,87.046997
37.271000,-1048.345947,88.938004
36.294998,-1049.139038,87.168999
36.478001,-1048.406982,89.181999
37.453999,-1048.529053,88.144997
36.355999,-1048.223999,90.707001
35.441002,-1047.918945,89.181999
36.417000,-1046.515991,86.741997
36.539001,-1048.223999,89.609001
35.501999,-1046.821045,87.108002
36.722000,-1049.749023,90.462997
36.294998,-1047.064941,89.242996
35.319000,-1049.199951,89.914001
34.587002,-1047.552979,89.242996
37.027000,-1048.223999,87.596001
36.355999,-1047.735962,91.805000
37.209999,-1047.004028,91.195000
36.844002,-1048.468018,88.633003
37.271000,-1048.529053,91.622002
35.990002,-1047.735962,88.816002
36.234001,-1048.345947,92.475998
36.844002,-1047.858032,89.852997
36.112000,-1047.308960,89.242996
35.501999,-1047.796997,89.304001
36.783001,-1048.406982,89.242996
38.247002,-1046.637939,89.669998
36.234001,-1047.125977,90.707001
36.904999,-1047.064941,87.718002
36.417000,-1051.884033,93.635002
35.319000,-1050.237061,90.584999
37.637001,-1048.589966,87.596001
35.806999,-1049.566040,89.731003
36.050999,-1047.675049,90.889999
36.234001,-1047.308960,85.705002
37.209999,-1049.078003,84.912003
37.271000,-1049.687988,92.170998
37.271000,-1046.637939,87.168999
37.271000,-1046.577026,90.341003
35.136002,-1049.322021,89.364998
36.355999,-1047.918945,91.134003
35.257999,-1048.345947,89.731003
35.868000,-1050.541992,88.023003
37.209999,-1046.150024,85.765999
35.257999,-1047.187012,92.842003
36.355999,-1047.979980,86.070999
35.929001,-1048.833984,87.596001
37.393002,-1048.956055,89.181999
36.173000,-1048.529053,87.535004
35.624001,-1047.735962,87.718002
36.783001,-1047.675049,87.413002
37.148998,-1047.004028,87.778999
36.234001,-1048.956055,87.535004
36.966000,-1047.064941,84.912003
35.990002,-1048.468018,87.718002
36.904999,-1049.016968,88.328003
38.612999,-1048.468018,86.803001
35.990002,-1048.102051,86.0
37.393002,-1047.064941,85.460999
37.393002,-1047.187012,88.511002
37.332001,-1048.712036,88.0
37.514999,-1046.881958,88.266998
37.332001,-1047.858032,84.973000
36.539001,-1047.369995,87.108002
36.660999,-1048.223999,86.253998
37.881001,-1048.895020,84.973000
37.209999,-1047.675049,90.097000
38.125000,-1048.285034,84.912003
37.393002,-1047.552979,84.424004
37.393002,-1047.187012,87.351997
38.612999,-1047.248047,85.583000
36.722000,-1048.041016,85.338997
37.393002,-1049.016968,87.778999
37.209999,-1048.833984,86.620003
37.514999,-1045.844971,85.278000
38.979000,-1047.614014,82.837997
37.820000,-1049.322021,86.193001
38.368999,-1049.566040,84.362999
35.380001,-1049.260986,88.328003
36.783001,-1048.223999,83.264999
37.271000,-1048.468018,85.765999
35.380001,-1049.078003,86.436996
37.148998,-1050.237061,84.362999
38.307999,-1048.345947,84.607002
37.637001,-1047.369995,84.302002
38.186001,-1045.600952,86.132004
37.453999,-1048.406982,86.681000
38.247002,-1046.027954,82.716003
35.990002,-1047.614014,83.509003
36.173000,-1050.907959,88.266998
37.881001,-1046.515991,85.522003
37.637001,-1050.359009,84.302002
36.599998,-1047.735962,86.253998
32.025002,-1051.090942,83.997002
35.501999,-1050.176025,84.912003
39.101002,-1050.541992,85.705002
37.758999,-1051.151978,84.545998
36.355999,-1050.053955,89.181999
38.186001,-1048.895020,87.230003
38.002998,-1047.369995,85.217003
37.881001,-1049.322021,86.375999
34.891998,-1047.979980,87.413002
36.844002,-1048.468018,80.824997
36.722000,-1051.151978,84.850998
37.942001,-1047.308960,82.716003
38.430000,-1049.199951,86.070999
37.027000,-1048.468018,83.509003
37.027000,-1048.589966,82.532997
37.027000,-1050.053955,88.144997
37.758999,-1048.772949,85.095001
37.942001,-1049.139038,84.728996
37.271000,-1049.078003,86.010002
36.173000,-1047.004028,85.827003
36.660999,-1047.308960,82.472000
39.101002,-1047.308960,83.325996
35.990002,-1049.810059,85.278000
39.894001,-1048.468018,86.010002
35.745998,-1045.661987,84.790001
37.027000,-1048.712036,87.961998
37.271000,-1048.833984,84.240997
36.355999,-1049.870972,87.351997
37.820000,-1048.041016,85.400002
37.027000,-1048.406982,88.266998
37.942001,-1045.296021,82.289001
36.722000,-1048.833984,85.278000
36.539001,-1048.041016,86.498001
36.355999,-1045.540039,86.132004
37.820000,-1049.139038,87.046997
38.917999,-1047.308960,84.485001
37.514999,-1047.858032,86.315002
35.136002,-1047.248047,82.289001
36.660999,-1049.687988,88.023003
35.806999,-1049.932007,85.522003
37.088001,-1048.102051,85.460999
36.294998,-1048.589966,84.240997
36.478001,-1048.712036,86.986000
37.514999,-1046.150024,84.545998
36.355999,-1048.285034,89.181999
36.599998,-1046.027954,85.705002
34.465000,-1048.102051,85.705002
37.332001,-1048.285034,85.460999
37.942001,-1047.552979,86.558998
38.735001,-1048.041016,81.984001
37.881001,-1049.322021,85.338997
38.002998,-1047.735962,85.278000
36.234001,-1049.199951,83.325996
36.173000,-1050.541992,84.240997
35.990002,-1048.223999,85.522003
35.990002,-1045.784058,86.436996
37.393002,-1048.345947,87.596001
37.393002,-1047.004028,84.240997
36.294998,-1048.102051,85.155998
37.576000,-1049.443970,85.217003
36.417000,-1047.979980,84.728996
37.453999,-1048.772949,87.718002
36.234001,-1047.187012,83.875000
37.758999,-1046.027954,84.119003
38.796001,-1046.942993,84.728996
37.393002,-1049.139038,84.362999
38.979000,-1048.285034,84.240997
38.002998,-1048.712036,83.630997
38.612999,-1049.078003,89.547997
37.027000,-1047.004028,85.400002
37.637001,-1047.858032,85.278000
39.833000,-1045.784058,84.180000
38.368999,-1046.821045,83.142998
36.478001,-1047.308960,86.558998
38.430000,-1045.967041,83.387001
36.050999,-1047.125977,84.302002
37.881001,-1045.723022,84.667999
38.063999,-1046.333008,84.362999
36.112000,-1047.369995,84.119003
37.637001,-1046.150024,84.485001
36.722000,-1046.211060,84.180000
37.758999,-1048.468018,84.240997
36.844002,-1048.345947,85.522003
36.173000,-1048.345947,87.046997
37.332001,-1049.260986,86.132004
38.063999,-1048.956055,82.349998
39.101002,-1047.979980,83.447998
37.637001,-1047.796997,86.010002
39.284000,-1048.468018,84.424004
36.539001,-1047.369995,86.315002
38.491001,-1047.675049,85.033997
35.624001,-1047.796997,83.752998
36.599998,-1048.589966,83.935997
37.576000,-1047.614014,83.021004
38.917999,-1048.162964,83.204002
38.063999,-1046.821045,85.888000
37.576000,-1047.369995,84.790001
37.698002,-1049.322021,84.240997
38.063999,-1047.308960,83.447998
38.307999,-1047.369995,85.765999
36.294998,-1048.285034,85.827003
36.904999,-1048.345947,82.654999
37.209999,-1048.772949,86.863998
38.002998,-1048.162964,85.583000
37.027000,-1048.285034,85.522003
37.209999,-1048.772949,85.155998
37.027000,-1048.285034,86.375999
37.148998,-1048.162964,85.460999
36.294998,-1047.675049,83.814003
37.271000,-1046.637939,84.240997
37.637001,-1046.577026,84.119003
37.271000,-1049.260986,86.375999
36.173000,-1045.906006,85.278000
37.332001,-1048.345947,83.204002
36.844002,-1049.566040,84.057999
37.881001,-1046.637939,83.142998
37.271000,-1047.248047,82.289001
35.806999,-1050.176025,82.654999
38.186001,-1049.626953,84.057999
38.612999,-1048.956055,82.227997
38.002998,-1049.139038,81.434998
38.063999,-1048.102051,85.400002
37.758999,-1048.345947,85.583000
38.307999,-1047.735962,82.959999
37.453999,-1049.139038,82.289001
36.966000,-1049.749023,81.434998
37.088001,-1048.406982,84.180000
36.722000,-1050.541992,82.837997
37.881001,-1048.772949,82.289001
36.050999,-1049.139038,83.570000
36.844002,-1048.102051,83.021004
37.576000,-1049.443970,84.302002
38.674000,-1047.796997,83.570000
37.576000,-1049.260986,82.411003
38.430000,-1047.248047,82.106003
37.332001,-1048.162964,81.617996
37.088001,-1048.285034,82.594002
37.758999,-1047.979980,82.594002
36.783001,-1048.651001,83.752998
35.745998,-1048.162964,82.959999
38.368999,-1045.417969,82.349998
36.599998,-1047.431030,83.325996
37.332001,-1049.139038,83.875000
38.307999,-1049.443970,81.008003
36.355999,-1051.578979,86.132004
38.917999,-1049.199951,81.617996
36.478001,-1049.322021,82.837997
37.942001,-1048.406982,81.739998
35.563000,-1048.102051,82.044998
37.393002,-1047.918945,84.667999
38.002998,-1048.772949,82.289001
38.247002,-1048.651001,81.129997
37.209999,-1050.176025,83.630997
37.698002,-1048.345947,81.617996
37.332001,-1047.431030,83.387001
37.332001,-1047.675049,82.777000
38.063999,-1047.125977,82.71
37.271000,-1049.626953,82.594002
37.393002,-1048.833984,82.594002
36.722000,-1047.248047,83.142998
36.722000,-1047.918945,82.411003
36.112000,-1047.979980,83.509003
36.478001,-1048.956055,83.752998
37.698002,-1048.956055,81.556999
36.844002,-1046.515991,82.349998
36.904999,-1047.125977,84.485001
39.528000,-1047.308960,81.739998
37.576000,-1047.491943,83.082001
38.674000,-1048.406982,84.240997
37.758999,-1049.383057,81.862000
36.234001,-1049.566040,83.447998
37.393002,-1048.102051,80.886002
36.844002,-1049.566040,83.021004
36.660999,-1048.041016,84.973000
37.332001,-1048.956055,81.801003
36.478001,-1049.078003,84.240997
36.966000,-1048.406982,85.705002
38.125000,-1048.223999,84.057999
37.332001,-1047.796997,83.082001
38.430000,-1047.796997,85.522003
36.539001,-1049.016968,85.155998
38.735001,-1047.491943,82.227997
38.002998,-1048.956055,82.654999
37.209999,-1048.406982,85.400002
36.844002,-1050.053955,81.556999
37.332001,-1048.833984,85.400002
37.758999,-1047.979980,83.630997
38.612999,-1049.322021,83.204002
37.698002,-1048.285034,83.570000
37.514999,-1049.566040,82.106003
38.125000,-1047.614014,81.679001
37.637001,-1047.431030,82.044998
37.698002,-1049.810059,79.971001
37.148998,-1049.322021,81.008003
38.491001,-1048.589966,83.752998
37.576000,-1048.956055,81.008003
38.368999,-1048.529053,85.705002
37.271000,-1048.102051,82.777000
39.161999,-1049.626953,82.227997
37.820000,-1048.895020,85.338997
36.294998,-1049.993042,82.716003
38.186001,-1049.810059,82.289001
37.332001,-1048.772949,81.008003
38.247002,-1047.064941,81.496002
#pos 4
27.877001,-6.466000,1068.292969
36.722000,-4.514000,1081.651978
25.254000,-3.294000,1066.280029
25.010000,-7.198000,1072.562988
27.694000,-3.111000,1078.602051
28.731001,-2.135000,1068.292969
26.535000,-6.161000,1071.708984
27.938000,-3.904000,1076.040039
30.195000,-5.734000,1067.927002
30.622000,-2.562000,1074.819946
27.999001,-5.673000,1080.920044
22.631001,-2.440000,1076.040039
33.916000,0.549000,1062.071045
30.011999,-9.699000,1079.760986
31.719999,-5.246000,1072.989990
29.219000,-3.965000,1074.026978
27.572001,-3.843000,1074.026978
25.254000,-0.183000,1066.218994
30.865999,-4.148000,1076.161987
27.389000,-3.172000,1072.197021
26.351999,-4.026000,1069.939941
25.375999,-5.612000,1079.212036
28.670000,-1.525000,1062.314941
27.999001,-6.649000,1070.550049
26.169001,0.549000,1072.258057
27.084000,-3.843000,1061.765991
33.367001,-5.551000,1067.927002
28.181999,-5.063000,1086.104980
27.145000,-5.429000,1071.647949
28.731001,-2.318000,1066.951050
28.853001,-4.453000,1074.088013
33.855000,-4.209000,1072.685059
29.889999,-9.333000,1074.880981
30.438999,-1.830000,1072.135986
30.438999,-4.636000,1073.661011
27.572001,-3.416000,1072.562988
28.914000,-2.684000,1068.842041
35.501999,-1.952000,1074.026978
25.010000,-0.427000,1073.478027
23.485001,-5.551000,1066.280029
35.563000,-1.281000,1075.063965
30.561001,2.318000,1075.552002
26.718000,-3.721000,1079.151001
28.670000,-5.246000,1062.619995
29.097000,-3.660000,1074.149048
27.267000,-2.745000,1079.699951
25.681000,0.061000,1064.083984
28.243000,-4.453000,1069.817993
29.462999,-0.122000,1059.447998
29.035999,-0.732000,1083.969971
27.023001,-3.294000,1069.329956
27.938000,-2.745000,1070.244995
30.195000,-1.159000,1079.029053
31.598000,-4.148000,1068.354004
28.426001,-5.368000,1087.264038
31.841999,-1.525000,1061.400024
32.269001,-2.562000,1074.636963
31.598000,-4.453000,1079.456055
27.999001,-2.379000,1063.901001
32.818001,-2.928000,1066.828979
31.598000,0.122000,1083.848022
28.426001,-4.697000,1066.463013
28.975000,-8.662000,1072.318970
25.864000,-1.342000,1071.587036
28.243000,1.647000,1080.249023
27.267000,-6.344000,1066.280029
29.889999,-8.784000,1093.241943
27.938000,-5.368000,1068.659058
30.561001,-2.684000,1069.086060
27.389000,-4.087000,1080.249023
31.903000,0.610000,1059.630981
22.264999,0.122000,1086.837036
31.171000,-4.758000,1061.765991
30.134001,-1.342000,1033.733002
26.657000,-3.965000,1083.786987
28.365000,-4.514000,1062.619995
21.410999,-3.843000,1074.819946
25.620001,-3.294000,1084.396973
25.802999,-3.355000,1073.478027
32.879002,-2.501000,1072.624023
23.607000,-3.782000,1085.433960
22.936001,-2.928000,1066.828979
24.643999,-4.331000,1059.386963
26.840000,0.915000,1084.519043
30.500000,-3.477000,1072.014038
24.094999,-1.952000,1072.441040
20.374001,-3.599000,1080.737061
30.865999,0.000000,1053.286987
27.389000,-10.187000,1075.369019
24.583000,0.488000,1083.055054
25.070999,-2.257000,1069.086060
25.010000,-3.538000,1086.593018
21.777000,0.488000,1068.598022
26.657000,-5.490000,1062.802979
22.997000,-1.342000,1085.983032
26.230000,2.013000,1058.899048
21.959999,-2.562000,1081.895996
23.118999,-3.965000,1080.310059
21.106001,-0.366000,1061.583008
23.118999,-5.063000,1067.011963
31.476000,-1.952000,1068.659058
24.888000,-0.061000,1074.819946
24.339001,-8.418000,1083.482056
23.667999,-2.867000,1061.887939
26.108000,-4.331000,1073.843994
20.862000,-8.601000,1089.338013
23.180000,-0.732000,1063.656982
27.694000,-1.159000,1076.894043
22.691999,-8.540000,1082.261963
18.666000,-4.148000,1074.759033
17.872999,-4.148000,1067.194946
24.400000,-3.233000,1076.284058
18.605000,-7.259000,1070.671997
22.448000,-9.699000,1072.014038
22.631001,-0.610000,1073.538940
23.302000,-6.588000,1069.025024
15.128000,-2.074000,1059.142944
23.851000,2.135000,1077.564941
23.424000,2.379000,1063.473999
22.997000,1.708000,1075.796021
21.716000,1.342000,1070.062012
25.193001,2.379000,1071.587036
26.230000,0.854000,1071.220947
23.546000,-0.915000,1074.270996
25.559000,3.660000,1069.390991
21.472000,1.464000,1079.029053
29.097000,3.843000,1067.561035
18.299999,-0.610000,1072.562988
25.742001,3.172000,1070.366943
24.827000,-2.379000,1065.487061
32.879002,2.013000,1067.744019
31.476000,-1.525000,1083.055054
26.169001,1.098000,1070.427979
22.204000,2.379000,1076.650024
28.059999,-3.050000,1074.270996
27.327999,0.366000,1072.318970
19.580999,-1.403000,1077.687012
28.975000,-1.586000,1068.963989
23.240999,2.745000,1071.770020
25.742001,1.586000,1071.037964
26.840000,0.061000,1081.407959
27.754999,1.403000,1070.427979
29.646000,4.453000,1074.209961
25.620001,5.307000,1077.564941
24.888000,3.294000,1077.442993
21.777000,6.405000,1067.744019
26.351999,2.379000,1080.553955
25.193001,5.429000,1070.427979
25.924999,7.503000,1080.737061
21.350000,3.782000,1063.046997
22.570000,6.405000,1070.183960
21.777000,9.455000,1075.246948
28.365000,3.782000,1063.779053
21.777000,7.930000,1088.057007
28.670000,4.636000,1067.744019
28.181999,2.379000,1085.189941
22.143000,9.699000,1081.407959
23.240999,1.952000,1060.973022
23.180000,1.159000,1078.90698
26.778999,12.566000,1069.146973
26.169001,7.747000,1062.375977
19.459000,4.087000,1084.152954
25.375999,2.135000,1071.770020
24.034000,3.111000,1074.270996
25.132000,7.076000,1075.003052
23.546000,7.991000,1078.662964
26.047001,6.710000,1071.953003
27.877001,7.747000,1077.077026
26.596001,9.150000,1082.322998
26.108000,10.797000,1061.887939
25.924999,7.991000,1074.026978
23.180000,7.320000,1081.407959
25.070999,7.076000,1059.265015
26.840000,9.638000,1071.037964
26.291000,8.784000,1081.163940
24.948999,13.298000,1070.427979
25.193001,13.359000,1066.280029
25.986000,7.320000,1079.029053
25.742001,13.603000,1067.682983
25.375999,10.126000,1072.135986
26.962000,11.712000,1065.182007
26.230000,6.039000,1084.396973
27.511000,12.871000,1060.180054
31.476000,12.444000,1064.876953
33.244999,10.126000,1092.448975
26.230000,14.213000,1071.343018
29.584999,8.113000,1070.489014
31.476000,9.882000,1082.628052
28.243000,8.174000,1083.786987
30.561001,12.688000,1064.389038
30.011999,9.577000,1069.025024
37.088001,11.712000,1075.246948
35.806999,12.078000,1066.951050
34.160000,15.189000,1073.172974
27.389000,9.699000,1075.490967
16.104000,15.067000,1067.621948
34.342999,12.627000,1062.802979
37.453999,13.298000,1080.920044
28.487000,11.468000,1067.194946
35.990002,12.810000,1070.671997
29.158001,10.797000,1079.822021
35.868000,13.847000,1067.865967
32.452000,14.274000,1065.670044
30.316999,11.651000,1071.281982
40.320999,7.137000,1080.432007
32.452000,15.677000,1076.284058
35.075001,14.274000,1056.824951
34.342999,10.919000,1077.687012
32.452000,14.762000,1071.891968
30.865999,10.431000,1072.074951
36.844002,15.006000,1075.003052
31.903000,11.895000,1084.092041
30.500000,16.469999,1066.097046
28.426001,14.091000,1067.865967
36.417000,15.738000,1075.369019
29.097000,9.089000,1076.833008
22.634998,17.507000,1071.220947
26.596001,14.884000,1083.482056
33.672001,13.420000,1074.576050
33.793999,16.714001,1070.916016
31.719999,15.921000,1071.404053
31.354000,12.322000,1075.003052
31.781000,19.947001,1069.696045
31.354000,15.860000,1083.115967
28.548000,16.226000,1064.266968
30.316999,18.056000,1068.171021
29.768000,16.836000,1076.711060
32.634998,18.299999,1077.381958
27.572001,13.725000,1076.650024
33.183998,15.311000,1064.389038
27.816000,15.433000,1072.868042
30.195000,13.725000,1073.843994
30.683001,19.275999,1071.404053
30.500000,16.104000,1072.441040
29.707001,17.141001,1072.074951
31.110001,14.274000,1071.708984
22.691999,14.396000,1086.593018
31.964001,21.350000,1062.681030
29.646000,18.726999,1077.321045
39.101002,11.651000,1072.197021
37.088001,14.701000,1034.221001
28.426001,13.237000,1073.782959
25.924999,14.579000,1066.707031
27.694000,9.943000,1073.355957
20.740000,23.546000,1064.755005
28.792000,14.091000,1075.063965
22.936001,12.139000,1074.636963
35.196999,17.323999,1063.901001
27.389000,14.396000,1091.046021
27.632999,12.322000,1067.134033
27.877001,19.093000,1066.097046
28.059999,14.213000,1073.782959
26.169001,18.299999,1065.060059
23.180000,17.202000,1071.098999
32.879002,14.823000,1062.741943
27.145000,15.494000,1082.628052
24.643999,12.505000,1071.404053
30.195000,18.971001,1070.123047
26.900999,16.348000,1074.697998
27.938000,13.969000,1076.040039
23.729000,16.348000,1084.946045
27.389000,15.799000,1064.206055
22.448000,15.433000,1071.037964
25.193001,15.006000,1079.943970
26.596001,16.958000,1060.302002
27.145000,17.202000,1063.656982
24.766001,14.274000,1079.089966
26.718000,16.104000,1069.208008
24.827000,18.117001,1078.418945
28.731001,10.919000,1067.927002
26.047001,14.091000,1069.756958
24.094999,16.348000,1076.161987
27.205999,13.542000,1088.728027
23.485001,15.799000,1072.562988
29.097000,10.675000,1068.475952
25.193001,18.239000,1079.883057
24.461000,11.956000,1074.942017
20.191000,18.605000,1080.493042
27.999001,13.908000,1063.046997
23.973000,14.457000,1077.808960
25.010000,15.311000,1073.051025
26.047001,16.348000,1073.051025
25.559000,16.348000,1073.295044
22.813999,13.115000,1066.036011
27.389000,15.860000,1073.722046
23.424000,15.616000,1078.296997
24.766001,13.542000,1072.380005
25.681000,13.969000,1071.404053
23.607000,15.189000,1080.676025
23.790001,15.006000,1073.416992
22.386999,17.995001,1063.291016
21.837999,10.370000,1084.031006
25.132000,17.263000,1060.484985
24.766001,13.542000,1089.459961
24.827000,10.675000,1098.975952
23.546000,14.457000,1060.240967
23.424000,13.176000,1073.905029
17.750999,16.531000,1070.977051
28.304001,18.483000,1067.317017
25.437000,11.529000,1068.842041
24.583000,14.701000,1071.098999
22.204000,17.445999,1071.647949
31.049000,11.041000,1071.953003
24.766001,15.860000,1076.161987
27.877001,13.786000,1079.089966
25.437000,15.067000,1071.708984
24.643999,15.128000,1070.000977
24.156000,18.849001,1081.407959
24.888000,15.128000,1067.865967
26.351999,12.200000,1073.112061
21.899000,18.483000,1077.077026
25.315001,16.165001,1065.426025
25.742001,15.067000,1069.756958
21.228001,14.945000,1073.599976
24.216999,17.263000,1075.673950
23.973000,-7.198000,1076.894043
27.816000,16.531000,1071.220947
19.398001,14.457000,1075.552002
24.705000,15.250000,1071.831055
25.254000,16.896999,1070.123047
24.583000,15.921000,1078.541016
23.302000,14.884000,1078.479980
23.790001,12.749000,1069.573975
29.768000,16.226000,1074.149048
22.264999,16.104000,1068.719971
22.264999,15.677000,1078.723999
27.145000,14.274000,1069.696045
20.556999,15.738000,1069.208008
24.034000,15.555000,1077.808960
23.790001,18.849001,1073.722046
25.254000,9.638000,1056.337036
25.742001,19.153999,1077.504028
22.326000,14.274000,1072.868042
23.485001,12.810000,1074.636963
24.643999,15.860000,1069.573975
23.607000,13.969000,1066.157959
29.341000,15.494000,1070.733032
30.134001,12.688000,1075.186035
26.291000,14.274000,1078.296997
24.948999,14.335000,1071.281982
18.910000,12.749000,1077.504028
25.254000,13.847000,1076.467041
23.546000,16.042999,1065.487061
24.521999,13.603000,1081.407959
23.667999,19.764000,1066.645996
26.351999,12.261000,1073.234009
26.596001,16.836000,1077.260010
30.865999,12.505000,1066.463013
20.129999,15.738000,1082.871948
23.424000,12.505000,1070.977051
26.413000,16.165001,1072.807007
20.496000,13.054000,1062.071045
22.570000,15.250000,1076.588989
28.975000,18.299999,1076.284058
29.219000,17.995001,1065.974976
16.348000,13.481000,1079.212036
24.888000,18.056000,1066.157959
25.437000,15.799000,1074.149048
28.304001,14.701000,1076.161987
25.070999,17.812000,1071.404053
26.778999,12.993000,1070.610962
25.742001,16.714001,1075.003052
26.230000,14.518000,1069.086060
32.146999,11.895000,1072.989990
28.792000,13.359000,1070.427979
22.448000,15.128000,1071.770020
30.805000,12.871000,1072.928955
29.889999,14.152000,1070.062012
31.354000,17.080000,1068.171021
29.524000,15.799000,1074.149048
31.903000,15.616000,1068.902954
30.316999,18.544001,1072.989990
33.062000,22.021000,1077.015991
23.240999,18.726999,1072.197021
29.707001,19.032000,1078.723999
29.462999,19.825001,1071.160034
23.667999,18.910000,1068.048950
25.681000,20.740000,1072.258057
30.865999,20.069000,1077.077026
29.280001,19.642000,1082.140015
22.936001,16.287001,1071.526001
28.487000,21.045000,1069.512939
22.753000,19.275999,1080.126953
28.426001,17.568001,1077.625977
26.840000,21.716000,1067.378052
29.158001,19.032000,1070.671997
30.378000,18.849001,1069.269043
22.753000,18.544001,1081.895996
27.694000,19.886000,1067.378052
27.389000,18.910000,1065.120972
29.341000,19.580999,1078.418945
25.681000,17.872999,1071.647949
25.559000,15.921000,1072.014038
26.657000,20.862000,1072.318970
28.243000,17.872999,1071.831055
24.705000,24.034000,1066.524048
29.280001,19.093000,1077.931030
30.683001,21.228001,1075.979004
28.670000,18.666000,1072.745972
23.363001,20.313000,1076.406006
25.924999,21.899000,1070.671997
27.572001,19.520000,1071.404053
22.326000,24.278000,1077.198975
28.181999,21.594000,1067.988037
24.888000,20.374001,1067.011963
22.875000,15.738000,1077.869995
18.056000,20.679001,1072.074951
22.753000,25.986000,1071.587036
26.047001,13.237000,1072.989990
26.413000,23.363001,1072.685059
21.959999,23.424000,1076.344971
28.792000,22.264999,1066.157959
22.509001,17.445999,1077.991943
27.023001,21.045000,1068.536987
24.278000,23.790001,1070.550049
22.753000,17.812000,1068.232056
24.705000,21.716000,1066.707031
24.643999,21.289000,1070.427979
24.948999,22.386999,1069.512939
25.375999,21.410999,1069.329956
27.084000,23.058001,1082.140015
22.997000,26.108000,1067.561035
23.302000,21.533001,1076.344971
24.705000,23.118999,1069.817993
26.351999,21.472000,1081.286011
19.764000,28.792000,1066.097046
26.413000,24.094999,1072.624023
25.681000,21.594000,1069.146973
31.903000,24.583000,1076.284058
27.205999,20.862000,1071.770020
24.521999,19.702999,1066.218994
23.118999,28.304001,1072.868042
26.535000,22.326000,1072.380005
28.243000,24.643999,1074.149048
23.302000,21.777000,1077.504028
30.988001,20.496000,1079.516968
27.205999,21.716000,1066.218994
24.766001,23.180000,1067.805054
31.841999,20.923000,1070.000977
24.461000,22.997000,1069.939941
30.805000,18.726999,1070.977051
33.672001,22.509001,1073.0
24.948999,20.862000,1076.894043
22.997000,22.326000,1074.697998
28.243000,20.069000,1081.163940
27.205999,21.716000,1066.890015
28.059999,22.875000,1073.965942
25.497999,23.729000,1067.500000
28.914000,23.240999,1067.500000
25.986000,21.106001,1075.613037
25.375999,21.716000,1077.869995
26.718000,22.021000,1066.280029
22.082001,22.691999,1067.134033
27.877001,21.045000,1068.598022
29.097000,21.594000,1066.157959
20.740000,25.132000,1077.991943
25.681000,25.315001,1067.011963
27.450001,18.666000,1074.149048
25.986000,23.180000,1077.321045
24.216999,24.339001,1070.916016
26.047001,20.313000,1081.347046
21.045000,26.169001,1075.246948
30.561001,22.386999,1071.647949
21.533001,22.326000,1072.441040
26.900999,21.533001,1071.098999
24.948999,22.021000,1077.260010
#pos 5
24.827000,14.213000,-968.619019
26.108000,13.054000,-963.129028
24.034000,16.958000,-963.739014
26.047001,15.494000,-965.325012
25.742001,15.128000,-966.849976
24.521999,15.372000,-963.982971
24.400000,16.653000,-968.741028
23.973000,14.579000,-963.739014
23.667999,13.298000,-961.604004
26.169001,14.152000,-964.593018
23.790001,14.152000,-965.507996
24.888000,16.775000,-964.531982
23.424000,14.396000,-964.226990
25.437000,14.091000,-962.640991
24.948999,15.067000,-966.484009
25.375999,15.311000,-968.435974
21.959999,14.213000,-963.494995
23.485001,17.629000,-965.812988
23.363001,15.189000,-967.887024
24.827000,14.396000,-966.606018
23.729000,16.958000,-965.874023
24.888000,15.006000,-962.458008
24.827000,16.836000,-963.190002
26.962000,15.189000,-965.142029
24.094999,20.252001,-965.080994
25.986000,16.714001,-966.057007
25.132000,17.507000,-962.396973
24.156000,16.653000,-966.239990
25.497999,17.263000,-965.874023
23.973000,13.847000,-962.885010
24.034000,15.250000,-965.263977
21.777000,13.542000,-963.677979
22.570000,11.468000,-963.250977
22.691999,16.104000,-964.653992
22.204000,15.677000,-963.799988
23.118999,15.494000,-965.325012
22.326000,12.566000,-964.593018
22.631001,15.555000,-965.263977
30.011999,20.618000,-963.677979
21.289000,12.993000,-967.155029
21.837999,14.274000,-968.070007
20.374001,12.322000,-963.739014
21.045000,13.725000,-964.653992
22.509001,12.566000,-964.958984
21.837999,13.725000,-965.020020
18.361000,14.884000,-970.448975
18.910000,13.786000,-963.861023
22.143000,11.590000,-965.020020
23.118999,15.006000,-967.520996
20.252001,12.627000,-963.739014
19.947001,11.224000,-966.362000
21.350000,13.420000,-967.398987
19.642000,9.943000,-963.372986
21.959999,11.712000,-965.203003
20.496000,12.871000,-965.142029
20.191000,11.407000,-963.312012
21.655001,12.017000,-963.312012
20.434999,13.664000,-965.325012
23.363001,15.677000,-968.252991
23.607000,11.834000,-964.715027
23.912001,14.335000,-965.142029
19.580999,10.797000,-959.651978
22.997000,14.152000,-965.325012
20.556999,12.383000,-963.067993
22.264999,12.810000,-965.447021
21.959999,13.054000,-964.593018
20.801001,11.651000,-963.067993
23.546000,13.664000,-965.142029
21.533001,13.786000,-964.958984
22.386999,13.542000,-967.093994
21.899000,9.760000,-963.494995
23.851000,10.797000,-964.531982
21.350000,13.847000,-966.179016
21.410999,13.542000,-963.250977
21.655001,12.688000,-965.020020
22.570000,13.664000,-968.619019
19.764000,13.786000,-963.312012
22.326000,14.640000,-966.239990
21.533001,10.797000,-965.385986
21.472000,12.261000,-965.934998
24.278000,12.810000,-965.934998
20.434999,13.237000,-963.494995
19.215000,11.224000,-963.799988
20.252001,11.102000,-965.203003
21.533001,14.762000,-965.447021
20.556999,13.298000,-966.606018
20.801001,12.505000,-965.507996
20.129999,12.627000,-962.396973
18.726999,11.224000,-961.543030
20.313000,12.566000,-964.044006
20.740000,11.102000,-965.874023
19.642000,9.028000,-963.861023
21.228001,11.895000,-968.070007
20.191000,11.956000,-966.422974
20.679001,13.237000,-964.958984
21.289000,10.919000,-967.825989
18.239000,11.041000,-963.921997
21.472000,10.919000,-963.556030
20.618000,12.261000,-964.348999
19.580999,12.383000,-965.080994
18.239000,12.627000,-966.911011
18.117001,8.540000,-962.275024
20.434999,10.309000,-966.789001
17.690001,10.309000,-965.325012
17.750999,11.224000,-966.911011
19.215000,10.736000,-965.203003
19.215000,11.346000,-964.593018
17.934000,10.004000,-966.301025
18.117001,9.028000,-963.799988
19.398001,10.187000,-964.409973
18.056000,10.797000,-965.568970
16.775000,10.614000,-965.325012
18.299999,10.553000,-964.958984
20.618000,7.564000,-963.739014
19.886000,11.041000,-966.057007
19.153999,10.614000,-963.190002
21.350000,11.346000,-966.179016
20.313000,11.468000,-966.117981
21.350000,12.139000,-963.799988
19.275999,12.749000,-966.422974
19.825001,11.956000,-968.619019
19.093000,11.651000,-965.080994
18.299999,10.797000,-967.276978
19.642000,9.760000,-963.799988
17.872999,9.028000,-965.325012
19.398001,6.649000,-960.932983
19.886000,9.943000,-965.812988
19.275999,9.516000,-964.958984
18.239000,9.882000,-965.263977
19.032000,10.858000,-964.104980
18.605000,10.004000,-962.702026
20.313000,12.383000,-967.581970
17.202000,11.956000,-964.044006
19.520000,10.858000,-966.362000
18.177999,8.906000,-962.518982
19.825001,10.553000,-966.789001
18.361000,11.102000,-963.982971
18.849001,10.370000,-965.630005
20.313000,10.431000,-965.447021
19.398001,10.858000,-965.934998
21.228001,10.980000,-965.080994
19.337000,11.773000,-964.836975
18.177999,8.723000,-965.630005
19.093000,9.943000,-964.653992
18.117001,10.675000,-965.263977
20.007999,8.723000,-964.593018
19.275999,11.102000,-964.836975
19.275999,9.333000,-966.057007
18.910000,11.834000,-967.338013
18.971001,9.150000,-962.580017
18.726999,8.235000,-963.799988
18.666000,10.248000,-962.945984
18.177999,10.187000,-963.739014
15.799000,8.967000,-961.969971
20.129999,8.784000,-964.348999
18.605000,8.906000,-963.129028
20.801001,9.516000,-965.142029
18.666000,10.065000,-965.447021
18.177999,10.370000,-965.447021
18.299999,9.821000,-964.898010
17.934000,10.797000,-965.995972
20.862000,10.065000,-967.093994
20.191000,10.553000,-962.945984
19.093000,9.089000,-965.630005
19.702999,11.895000,-967.460022
20.618000,10.126000,-963.434021
20.862000,11.102000,-966.422974
20.191000,9.150000,-962.702026
19.702999,8.784000,-961.604004
20.129999,11.590000,-970.815002
17.323999,8.479000,-963.677979
18.239000,10.431000,-966.728027
17.872999,9.089000,-963.434021
19.153999,10.675000,-964.226990
17.995001,7.869000,-967.338013
20.434999,9.943000,-967.155029
18.299999,8.296000,-967.398987
19.580999,8.418000,-963.434021
18.117001,8.479000,-966.179016
19.093000,8.296000,-965.080994
17.872999,7.686000,-962.945984
20.252001,10.126000,-966.179016
18.056000,9.333000,-967.276978
18.666000,9.394000,-963.799988
17.629000,6.527000,-961.299011
17.750999,8.784000,-965.385986
19.947001,10.370000,-964.288025
20.740000,10.980000,-968.070007
19.825001,8.052000,-966.301025
19.275999,10.065000,-964.348999
18.117001,9.028000,-966.544983
18.422001,8.540000,-961.786987
18.910000,10.370000,-968.619019
20.313000,9.760000,-964.776001
19.764000,8.906000,-963.312012
18.483000,8.296000,-959.164001
19.337000,9.333000,-964.166016
20.069000,10.919000,-966.117981
18.971001,11.773000,-967.398987
18.666000,10.065000,-965.203003
18.483000,11.468000,-966.057007
19.153999,9.028000,-966.606018
17.690001,8.906000,-960.200989
17.934000,9.089000,-963.494995
19.642000,10.553000,-965.995972
17.934000,10.370000,-963.617004
19.642000,10.980000,-967.398987
19.702999,7.564000,-964.715027
18.971001,12.017000,-967.581970
19.215000,6.771000,-962.335999
18.483000,10.614000,-965.752014
17.934000,9.943000,-960.689026
18.422001,10.919000,-963.799988
16.836000,10.309000,-961.604004
19.337000,9.943000,-964.104980
20.191000,12.322000,-968.924011
18.726999,11.895000,-964.288025
18.483000,8.174000,-964.653992
18.971001,13.115000,-968.008972
17.872999,11.041000,-963.372986
17.629000,10.126000,-963.617004
17.507000,8.662000,-966.301025
18.910000,9.760000,-966.179016
17.934000,9.882000,-963.007019
18.971001,11.651000,-966.117981
19.825001,9.272000,-964.166016
17.995001,11.102000,-964.836975
18.422001,12.627000,-965.630005
19.093000,10.980000,-965.995972
20.007999,8.845000,-961.299011
19.825001,10.309000,-964.288025
18.605000,9.821000,-962.031006
19.580999,11.590000,-966.057007
19.520000,9.821000,-961.359985
20.129999,9.394000,-964.653992
18.299999,9.821000,-967.093994
19.337000,11.285000,-966.362000
17.141001,7.869000,-963.190002
19.459000,10.553000,-963.372986
19.520000,8.601000,-965.385986
19.520000,9.089000,-968.070007
19.764000,9.089000,-966.057007
18.544001,11.895000,-965.934998
18.910000,10.431000,-963.494995
19.215000,10.370000,-964.593018
20.313000,10.126000,-965.568970
21.533001,6.832000,-963.129028
18.422001,10.431000,-962.763000
19.275999,9.516000,-966.057007
18.910000,10.980000,-965.020020
19.825001,9.638000,-966.179016
18.422001,8.113000,-962.091980
17.812000,8.479000,-965.142029
19.947001,8.174000,-965.203003
18.544001,9.028000,-966.362000
17.629000,9.821000,-968.192017
20.679001,9.943000,-964.776001
20.923000,8.662000,-965.752014
18.605000,8.418000,-962.091980
19.702999,9.516000,-966.849976
19.337000,10.980000,-965.507996
19.459000,7.503000,-963.312012
20.252001,9.516000,-964.288025
19.886000,8.967000,-963.677979
19.580999,11.712000,-966.544983
21.472000,10.736000,-966.911011
19.337000,9.516000,-964.958984
22.631001,11.224000,-965.690979
19.702999,10.736000,-962.885010
22.143000,12.200000,-966.057007
21.106001,12.200000,-966.117981
20.129999,11.468000,-964.836975
18.117001,10.675000,-965.874023
20.191000,10.370000,-962.518982
20.007999,9.943000,-964.471008
20.191000,11.712000,-963.067993
19.032000,10.553000,-961.237976
19.764000,12.078000,-968.252991
19.947001,11.102000,-964.898010
20.434999,9.821000,-964.348999
20.740000,9.821000,-964.836975
20.556999,11.041000,-963.739014
18.361000,10.187000,-961.299011
20.434999,11.895000,-967.887024
18.361000,10.126000,-964.715027
19.764000,9.150000,-964.226990
18.726999,11.956000,-963.799988
17.872999,10.919000,-964.104980
20.374001,10.492000,-964.288025
20.069000,6.283000,-965.752014
19.032000,10.553000,-965.630005
18.483000,10.980000,-965.080994
19.275999,10.431000,-967.460022
19.032000,10.858000,-963.434021
18.056000,8.418000,-960.994019
18.177999,9.516000,-965.263977
20.313000,9.882000,-964.836975
19.520000,8.967000,-965.507996
20.740000,9.943000,-965.934998
19.275999,9.455000,-965.752014
18.00,9.211000,-963.067993
20.679001,8.723000,-963.921997
19.580999,11.346000,-967.703979
20.069000,8.845000,-965.263977
18.849001,10.919000,-968.070007
18.422001,8.235000,-967.276978
18.056000,8.357000,-964.166016
20.556999,10.736000,-967.276978
17.750999,8.601000,-963.921997
17.018999,8.906000,-965.385986
16.469999,8.845000,-966.179016
20.923000,6.161000,-962.275024
18.239000,8.479000,-963.190002
18.788000,8.418000,-963.677979
20.983999,9.028000,-965.263977
17.995001,8.418000,-964.715027
19.093000,9.821000,-965.995972
17.690001,8.174000,-961.299011
21.533001,9.699000,-966.362000
18.849001,10.370000,-968.557983
18.849001,10.187000,-966.422974
19.702999,11.712000,-966.666992
19.398001,7.747000,-963.190002
19.153999,10.492000,-966.422974
18.483000,9.821000,-967.947998
16.958000,8.052000,-965.934998
19.580999,6.710000,-963.921997
19.702999,11.163000,-967.398987
16.469999,6.161000,-964.226990
20.434999,11.651000,-967.033020
19.642000,8.052000,-964.593018
18.544001,8.540000,-966.239990
18.971001,10.004000,-966.666992
19.337000,9.028000,-962.823975
19.825001,10.736000,-965.690979
20.129999,11.407000,-964.409973
18.788000,8.601000,-961.116028
20.862000,9.577000,-964.898010
19.153999,7.442000,-965.630005
19.459000,10.004000,-968.984985
17.995001,7.930000,-963.861023
18.299999,6.832000,-962.153015
20.069000,9.638000,-965.263977
18.788000,6.222000,-965.934998
18.605000,5.124000,-963.372986
17.934000,7.015000,-963.982971
19.032000,5.734000,-963.921997
18.056000,9.089000,-967.887024
17.445999,6.649000,-967.765015
18.361000,8.174000,-966.789001
18.299999,7.442000,-964.593018
18.788000,7.625000,-964.898010
19.337000,5.734000,-962.885010
18.605000,7.808000,-962.518982
17.934000,9.394000,-963.190002
19.947001,8.418000,-967.155029
18.361000,7.442000,-964.471008
18.483000,7.869000,-965.812988
17.812000,9.821000,-969.960999
17.995001,7.686000,-963.494995
20.923000,9.272000,-966.362000
19.947001,8.662000,-962.823975
20.252001,7.503000,-966.606018
18.056000,8.906000,-965.447021
19.764000,7.320000,-965.080994
19.275999,6.588000,-964.104980
17.507000,9.150000,-964.409973
18.239000,9.150000,-967.460022
18.239000,7.198000,-962.640991
18.726999,10.797000,-968.008972
17.445999,6.039000,-965.080994
19.886000,6.100000,-963.31
17.629000,9.333000,-965.080994
20.740000,8.418000,-967.398987
18.605000,7.930000,-964.593018
19.153999,6.649000,-968.435974
18.177999,6.893000,-962.396973
18.544001,7.503000,-963.434021
16.348000,5.246000,-962.640991
20.129999,5.856000,-964.958984
19.093000,7.808000,-965.630005
19.825001,7.381000,-963.190002
17.445999,6.344000,-962.823975
18.910000,8.174000,-968.192017
17.323999,7.320000,-964.776001
17.812000,7.320000,-963.250977
18.056000,8.418000,-967.338013
18.788000,5.246000,-965.752014
19.337000,6.161000,-963.494995
17.750999,7.564000,-965.507996
17.934000,5.002000,-965.447021
16.469999,6.039000,-967.155029
17.445999,8.784000,-963.982971
19.337000,4.636000,-964.776001
18.544001,7.015000,-967.338013
17.812000,7.198000,-963.799988
19.642000,6.710000,-964.104980
18.422001,8.906000,-964.471008
20.923000,6.710000,-965.812988
20.556999,8.540000,-965.263977
20.069000,8.845000,-963.982971
18.971001,7.137000,-961.969971
18.726999,7.808000,-964.348999
19.825001,7.747000,-963.250977
20.191000,9.638000,-965.630005
20.191000,7.930000,-966.117981
21.899000,8.479000,-966.789001
24.339001,9.394000,-967.276978
20.740000,9.028000,-965.812988
19.215000,9.028000,-966.362000
19.520000,6.222000,-964.653992
19.520000,8.479000,-964.348999
20.313000,7.747000,-965.385986
19.923000,9.333000,-965.325012
19.520000,8.540000,-964.288025
20.923000,10.431000,-966.544983
19.764000,9.394000,-964.471008
20.556999,6.893000,-966.971985
20.313000,7.869000,-967.338013
17.690001,8.174000,-962.702026
19.032000,9.272000,-963.921997
18.299999,7.381000,-964.593018
19.153999,5.856000,-964.593018
18.726999,7.930000,-966.301025
17.507000,7.259000,-961.421021
18.056000,8.418000,-967.155029
18.849001,7.991000,-966.117981
17.812000,8.540000,-966.301025
20.862000,8.967000,-965.812988
17.872999,8.174000,-963.434021
18.971001,6.893000,-964.104980
20.862000,6.405000,-962.823975
20.556999,6.710000,-968.070007
19.275999,8.113000,-967.155029
19.459000,8.540000,-966.911011
18.849001,8.784000,-962.945984
18.177999,9.516000,-964.348999
17.445999,8.601000,-964.715027
20.252001,8.479000,-967.338013
19.275999,7.808000,-963.921997
17.690001,5.490000,-961.237976
18.971001,10.004000,-967.765015
18.422001,7.503000,-964.166016
18.605000,8.235000,-965.263977
18.422001,4.636000,-962.153015
17.690001,7.503000,-964.348999
18.299999,8.174000,-966.117981
18.544001,7.686000,-967.216003
17.995001,9.943000,-965.874023
17.934000,7.991000,-965.690979
19.580999,7.320000,-962.153015
14.274000,2.013000,-964.288025
17.934000,7.137000,-966.117981
19.093000,6.954000,-966.728027
19.642000,5.673000,-964.653992
17.690001,4.819000,-963.617004
16.226000,5.917000,-965.447021
19.337000,6.344000,-963.250977
18.544001,6.771000,-964.836975
16.348000,6.771000,-964.226990
17.141001,2.074000,-965.995972
18.056000,5.795000,-966.117981
18.971001,6.954000,-967.520996
17.872999,5.673000,-964.958984
18.666000,5.063000,-963.921997
17.690001,5.490000,-963.494995
17.445999,4.331000,-962.945984
17.568001,4.880000,-968.252991
18.239000,2.867000,-964.593018
17.629000,4.270000,-965.812988
18.239000,4.758000,-965.447021
19.215000,5.429000,-963.921997
19.886000,5.673000,-967.460022
20.252001,3.843000,-965.874023
18.666000,2.867000,-963.861023
19.337000,6.161000,-968.252991
18.666000,7.076000,-967.581970
18.544001,5.734000,-964.166016
18.299999,6.954000,-967.338013
19.275999,6.222000,-966.301025
17.385000,4.941000,-963.494995
17.995001,5.307000,-966.849976